3.93e0	8.07e0
3.85e0	9.03e0
5.82e0	1.03e1
4.84e0	1.04e1
4.79e0	1.01e1
1.44e1	1.65e1
1.44e1	1.75e1
2.21e1	1.78e1
1.80e1	1.78e1
1.86e1	1.86e1
3.61e1	2.18e1
3.73e1	2.13e1
5.75e1	2.27e1
5.00e1	2.27e1
4.54e1	2.29e1
4.69e1	2.24e1
7.23e1	2.41e1
7.16e1	2.48e1
1.13e2	2.44e1
1.07e2	2.50e1
9.17e1	2.43e1
9.08e1	2.51e1
9.69e1	2.56e1
1.46e2	2.67e1
1.87e2	2.67e1
1.88e2	2.73e1
2.21e2	2.71e1
2.33e2	2.67e1
2.38e2	2.76e1
2.80e2	2.73e1
3.12e2	2.74e1
4.08e2	2.74e1
4.00e2	2.78e1
3.87e2	2.84e1
5.96e2	2.88e1
5.59e2	2.92e1
5.19e2	2.93e1
7.25e2	2.93e1
9.19e2	2.93e1
9.91e2	2.98e1
1.26e3	3.04e1
1.42e3	3.04e1
1.80e3	3.04e1
1.70e3	3.07e1
2.21e3	3.06e1
2.59e3	3.10e1
2.80e3	3.14e1
3.87e3	3.14e1
4.36e3	3.17e1
6.02e3	3.16e1
6.86e3	3.20e1
7.47e3	3.17e1
8.98e3	3.17e1
9.79e3	3.17e1
7.81e3	3.22e1
9.18e3	3.23e1
1.10e4	3.21e1
1.35e4	3.22e1
1.70e4	3.22e1
1.91e4	3.24e1
1.46e4	3.24e1
5.00e4	3.30e1
6.20e4	3.30e1
