1	64.764	68.117
2	64.936	68.444
3	64.993	68.441
4	64.762	68.351
5	64.913	68.481
6	65.148	68.395
7	65.253	68.463
8	65.224	68.355
9	65.249	68.247
10	65.452	68.686
11	65.379	68.384
12	65.262	68.123
13	65.552	68.302
14	65.072	68.35
15	65.242	68.405
16	65.199	68.477
17	65.094	68.129
18	65.313	68.4
19	65.338	68.333
20	65.63	68.652
21	66.018	69.284
22	65.98	69.24
23	65.334	69.333
24	65.673	69.545
25	65.456	69.362
26	65.69	69.639
27	65.511	69.713
28	64.916	69.395
29	64.658	70.114
30	65.196	69.998
31	65.166	70.19
32	65.246	70.181
33	65.001	70.27
34	65.301	69.948
35	64.996	70.086
36	65.307	69.632
37	65.301	69.501
38	65.355	69.422
39	65.251	69.249
40	64.985	69.378
41	64.76	69.326
42	64.67	69.691
43	64.989	69.512
44	64.926	69.574
45	64.915	69.287
46	64.985	69.367
47	64.593	69.546
48	64.677	69.535
49	64.97	69.911
50	64.761	70.861
51	64.931	70.791
52	64.708	71.289
53	64.763	70.744
54	65.196	70.437
55	65.279	70.411
56	65.183	70.45
57	65.207	70.274
58	64.877	70.394
59	65.045	70.654
60	65.087	70.479
61	64.855	70.648
62	64.87	70.691
63	64.543	70.847
64	64.492	71.086
65	64.912	71.079
66	65.083	70.941
67	65.015	70.317
68	64.996	70.604
69	64.756	70.298
70	64.786	70.358
71	65.027	70.436
72	65.075	70.283
73	65.15	70.244
74	65.133	70.023
75	65.082	70.005
76	65.296	70.464
77	65.494	70.518
78	65.479	70.415
79	65.452	69.979
80	65.25	70.356
81	64.903	70.441
82	64.877	70.661
83	65.009	70.479
84	64.983	70.373
85	65.058	70.233
86	64.688	69.861
87	64.839	70.027
88	64.68	69.507
89	64.658	69.593
90	64.655	69.696
91	64.83	69.724
92	64.862	69.402
93	64.724	69.635
94	64.531	69.921
95	64.481	69.926
96	64.453	70.11
97	64.323	70.019
98	64.369	70.243
99	64.397	70.059
100	64.418	70.237
101	64.165	70.031
102	64.125	69.801
103	64.523	69.385
104	64.28	69.103
105	64.573	69.465
106	64.369	69.529
107	63.756	69.988
108	64.172	69.808
109	63.695	70.002
110	64.125	69.609
111	63.905	69.623
112	63.988	69.646
113	64.043	69.731
114	63.75	69.72
115	63.768	69.831
116	63.786	69.716
117	64.03	69.678
118	63.768	69.703
119	64.024	69.528
120	63.832	69.559
121	64.264	69.446
122	64.198	69.662
123	64.335	69.278
124	64.432	69.412
125	63.968	69.442
126	64.199	69.166
127	64.016	69.221
128	64.23	69.547
129	64.135	69.771
130	64.155	69.722
131	64.045	70.253
132	64.13	70.084
133	64.353	70.161
134	64.281	70.206
135	64.24	69.66
136	64.27	69.269
137	64.515	69.615
138	64.556	69.429
139	64.489	69.608
140	64.601	69.404
141	64.575	69.474
142	64.244	69.452
143	64.25	69.46
144	64.431	69.519
145	64.514	69.927
146	64.509	70.112
147	64.612	69.902
148	64.457	69.691
149	64.457	69.563
150	64.692	69.387
151	64.604	69.711
152	64.514	69.526
153	64.555	69.005
154	64.489	68.606
155	64.634	68.683
156	64.675	68.56
157	64.638	68.47
158	64.608	68.594
159	64.851	68.742
160	64.451	69.016
161	64.491	68.929
162	64.439	69.197
163	64.346	69.392
164	64.161	69.613
165	64.269	69.842
166	64.125	69.814
167	64.049	70.045
168	64.17	70.062
169	64.231	69.918
170	64.066	69.933
171	63.998	69.872
172	64.03	70.185
173	64.069	69.551
174	64.312	70.117
175	64.377	69.981
176	64.44	70.004
177	64.389	69.827
178	64.356	70.061
179	64.255	69.773
180	64.202	69.51
181	64.301	69.419
182	64.16	69.582
183	64.193	69.529
184	64.263	69.412
185	64.008	69.764
186	64.235	69.809
187	64.117	69.766
188	64.124	69.62
189	64.215	69.818
190	64.419	69.636
191	64.643	70.079
192	64.699	70.099
193	64.917	69.746
194	64.765	69.231
195	64.57	68.943
196	64.82	68.781
197	64.958	68.797
198	64.846	68.967
199	64.8	69.095
200	64.708	69.676
201	64.691	70.233
202	64.506	70.405
203	64.191	71.032
204	63.997	71.493
205	63.882	72.029
206	63.302	72.504
207	63.039	72.667
208	62.866	72.94
209	62.555	73.217
210	62.611	73.208
211	62.573	73.159
212	62.309	73.213
213	62.389	73.225
214	62.325	73.403
215	62.01	73.469
216	62.027	73.787
217	61.99	73.748
218	62.002	73.695
219	61.754	73.798
220	61.372	73.502
221	61.128	73.392
222	61.021	73.126
223	60.991	72.913
224	60.708	72.823
225	60.51	72.421
226	60.3	71.97
227	59.999	71.906
228	59.822	71.492
229	59.821	71.468
230	59.475	71.473
231	59.486	71.487
232	59.472	71.233
233	59.433	71.162
234	59.375	71.232
235	59.549	71.35
236	59.672	71.462
237	59.354	71.47
238	59.575	71.555
239	59.538	71.656
240	59.824	71.685
241	59.843	71.568
242	59.865	71.823
243	59.984	71.827
244	60.143	71.997
245	60.179	71.859
246	59.916	71.931
247	59.893	72.002
248	59.919	71.826
249	59.963	71.799
250	59.677	71.684
251	59.874	71.806
252	59.564	71.778
253	59.633	71.986
254	59.678	71.823
255	59.734	71.613
256	59.538	71.761
257	59.705	71.787
258	59.775	71.549
259	59.478	71.84
260	59.615	71.876
261	59.983	71.75
262	59.865	71.684
263	59.791	71.7
264	60.011	71.81
265	59.672	71.925
266	59.959	71.438
267	60.15	71.484
268	60.165	71.826
269	60.034	71.692
270	60.054	71.822
271	60.146	71.758
272	60	71.804
273	59.774	71.616
274	59.756	71.481
275	59.772	71.597
276	59.844	71.778
277	59.819	71.795
278	59.834	72.033
279	59.858	71.873
280	59.464	71.805
281	59.452	71.745
282	59.512	71.783
283	59.79	72.008
284	59.794	71.741
285	59.781	71.944
286	59.735	72.022
287	59.595	71.851
288	59.652	72.204
289	59.75	71.981
290	59.671	71.945
291	59.597	72.062
292	59.679	72.17
293	59.665	72.065
294	59.518	72.37
295	59.532	72.299
296	59.233	72.189
297	59.329	72.495
298	59.393	72.32
299	59.298	72.416
300	59.237	72.559
301	59.425	72.511
302	59.199	72.347
303	59.123	72.394
304	59.299	72.137
305	59.457	71.984
306	59.424	72.016
307	59.311	71.757
308	59.503	71.742
309	59.379	71.717
310	58.95	71.688
311	58.924	71.558
312	58.95	71.723
313	59.122	71.68
314	59.115	71.606
315	59.162	71.679
316	58.864	71.491
317	58.714	71.332
318	59.006	71.547
319	58.647	71.271
320	58.835	71.356
321	58.498	71.41
322	58.324	71.198
323	58.852	70.943
324	58.547	71.349
325	58.723	71.522
326	58.805	71.562
327	58.805	71.835
328	58.98	72.239
329	58.93	72.248
330	59.071	72.455
331	59.122	72.413
332	59.276	72.441
333	59.197	72.455
334	59.156	72.476
335	59.196	72.606
336	59.301	72.733
337	59.578	72.427
338	59.306	72.215
339	59.525	71.962
340	59.498	71.791
341	59.35	71.837
342	59.084	71.989
343	59.119	71.956
344	59.011	72.056
345	59.023	71.829
346	59.101	71.766
347	59.206	72.145
348	59.311	72.207
349	59.265	72.537
350	59.016	72.574
351	59.15	72.44
352	59.17	72.42
353	58.782	72.433
354	58.923	72.296
355	58.684	72.442
356	58.691	72.619
357	58.644	72.487
358	58.567	72.392
359	58.544	72.305
360	58.326	72.306
361	58.15	72.332
362	58.126	72.083
363	58.31	71.942
364	58.269	72.118
365	58.331	71.929
366	58	71.76
367	58.168	71.858
368	58.265	71.936
369	58.129	72.389
370	58.094	72.282
371	58.208	72.383
372	58.154	72.558
373	57.734	72.856
374	57.279	73.534
375	56.734	73.98
376	56.981	74.523
377	57.06	74.978
378	57.117	75.827
379	57.243	76.519
380	57.427	77.098
381	57.105	77.619
382	57.205	77.993
383	57.127	78.334
384	57.375	78.2
385	57.587	78.05
386	57.377	77.913
387	57.051	77.875
388	56.712	77.788
389	56.401	77.526
390	56.106	77.592
391	56.056	77.57
392	55.729	77.132
393	55.489	77.175
394	55.091	77.318
395	54.608	77.408
396	54.244	77.839
397	53.939	77.658
398	53.52	77.7
399	53.115	77.56
400	52.575	77.482
401	52.448	77.649
402	52.128	77.625
403	51.537	77.615
404	51.217	77.431
405	51.066	77.365
406	50.838	76.969
407	50.784	76.554
408	50.503	76.119
409	50.342	75.791
410	50.077	75.792
411	50.074	75.503
412	49.875	75.308
413	50.039	75.219
414	49.634	74.575
415	49.681	74.479
416	49.599	74.249
417	49.431	74.11
418	49.416	74.186
419	49.365	73.656
420	49.256	74.03
421	49.326	73.935
422	49.308	73.579
423	49.648	73.742
424	49.719	73.808
425	49.751	73.76
426	49.681	73.932
427	49.499	74.086
428	49.479	74
429	49.677	74.057
430	49.449	73.835
431	49.533	73.903
432	49.51	73.858
433	49.529	73.914
434	49.728	73.721
435	49.818	74.02
436	49.811	74.047
437	50.021	73.911
438	49.868	73.675
439	49.95	73.854
440	49.898	73.95
441	49.871	73.713
442	49.765	73.642
443	49.808	73.614
444	49.696	73.637
445	49.59	73.668
446	49.615	73.713
447	49.463	73.838
448	49.265	73.639
449	49.433	73.73
450	49.445	73.681
451	49.583	73.934
452	49.435	74.199
453	49.699	74.068
454	49.768	74.197
455	50.234	74.474
456	50.303	74.781
457	50.612	74.93
458	50.687	74.869
459	50.718	74.637
460	50.89	74.832
461	50.904	74.697
462	51.082	74.543
463	51.048	74.22
464	51.002	74.11
465	50.953	73.761
466	50.715	73.369
467	50.632	73.043
468	50.577	73.121
469	50.656	73.006
470	50.7	73.075
471	50.282	72.909
472	50.036	73.031
473	49.736	72.9
474	49.37	72.685
475	49.084	72.756
476	49.079	72.89
477	48.556	72.846
478	47.751	73.348
479	47.492	73.261
480	47.515	73.406
481	47.112	73.301
482	46.984	73.104
483	47.041	73.018
484	47.038	72.738
485	47.249	72.739
486	47.575	72.505
487	47.858	72.364
488	48.14	72.098
489	48.246	72.106
490	48.317	71.434
491	48.475	71.341
492	48.247	70.85
493	48.492	70.62
494	48.684	70.99
495	48.656	70.561
496	48.65	70.614
497	48.629	70.542
498	48.623	70.21
499	49.337	70.578
500	49.387	70.24
501	49.611	70.134
502	50.319	69.975
503	50.403	69.974
504	50.136	69.751
505	50.128	69.78
506	50.027	69.704
507	50.179	69.549
508	50.426	69.634
509	50.343	69.758
510	50.194	69.921
511	50.157	69.935
512	50.004	70.006
513	49.988	69.831
514	50.013	69.893
515	50	69.672
516	49.936	69.465
517	49.882	69.832
518	49.573	69.952
519	49.658	69.789
520	49.695	69.881
521	49.443	69.772
522	49.552	70.043
523	49.419	69.92
524	49.557	70.395
525	49.536	69.959
526	49.718	70.075
527	49.699	69.92
528	49.741	69.964
529	49.562	69.903
530	49.514	69.946
531	49.349	69.967
532	49.344	69.493
533	49.475	69.506
534	49.275	69.502
535	49.268	69.647
536	49.077	69.534
537	49.095	69.406
538	49.143	69.428
539	49.33	69.649
540	49.476	69.627
541	49.402	69.675
542	49.344	69.982
543	49.258	69.722
544	49.29	69.967
545	49.463	70.253
546	49.287	70.319
547	49.372	69.954
548	49.515	69.693
549	49.453	69.297
550	49.152	69.202
551	49.285	68.984
552	49.091	69.136
553	49.148	69.2
554	49.1	69.414
555	48.959	69.458
556	49.091	69.94
557	49.049	70.362
558	49.41	70.994
559	49.477	72.196
560	49.34	73.183
561	49.317	73.31
562	49.206	73.805
563	49.351	73.901
564	49.522	74.299
565	49.93	74.211
566	50.279	73.736
567	50.889	73.494
568	51.444	72.999
569	52.392	72.233
570	54.028	71.2
571	54.193	71.217
572	54.625	70.871
573	54.963	70.584
574	54.957	70.392
575	55.048	70.236
576	54.986	70.03
577	55.239	70.221
578	55.101	70.369
579	54.747	70.392
580	54.422	70.371
581	54.315	70.01
582	54.167	69.903
583	53.648	69.561
584	53.635	69.498
585	53.614	69.087
586	53.308	68.777
587	53.094	68.516
588	53.279	68.425
589	53.287	68.431
590	53.39	68.474
591	53.528	68.475
592	53.685	68.665
593	53.791	68.727
594	53.8	68.854
595	53.909	69.413
596	53.779	69.801
597	53.846	70.015
598	53.853	70.143
599	53.759	70.219
600	53.39	70.33
601	53.285	70.446
602	53.043	71.077
603	52.83	71.233
604	52.842	71.418
605	52.64	71.484
606	52.755	71.541
607	52.607	71.589
608	52.447	71.631
609	52.396	71.407
610	52.349	71.22
611	52.381	71.305
612	52.044	71.441
613	51.689	71.878
614	51.514	71.95
615	51.586	72.105
616	51.563	72.562
617	51.568	72.793
618	51.518	72.97
619	51.56	73.485
620	51.634	73.685
621	51.758	73.993
622	51.99	74.058
623	52.061	74.221
624	52.26	74.308
625	52.149	74.687
626	52.095	74.566
627	52.052	74.65
628	52.156	74.586
629	51.928	74.394
630	51.841	74.409
631	51.442	74.229
632	51.219	73.963
633	50.55	73.219
634	50.213	72.951
635	49.471	71.456
636	48.764	70.363
637	48.803	70.216
638	48.538	70.149
639	48.073	69.504
640	47.973	68.941
641	47.921	68.47
642	47.95	68.323
643	47.79	68.097
644	47.823	67.814
645	48.092	67.587
646	48.124	67.341
647	48.248	67.262
648	48.327	67.067
649	48.612	67.278
650	48.645	67.332
651	48.796	67.604
652	48.531	67.72
653	48.611	68.252
654	48.441	68.723
655	48.24	69.124
656	48.193	69.494
657	47.989	69.637
658	47.908	69.96
659	47.794	70.219
660	47.869	70.716
661	47.915	71.175
662	47.97	71.251
663	48.166	71.119
664	48.319	71.161
665	48.343	71.119
666	48.338	71.21
667	48.339	71.442
668	48.583	72.076
669	48.643	72.265
670	48.689	72.467
671	48.812	72.401
672	49.085	72.546
673	49.357	72.647
674	49.808	73.17
675	50.072	73.279
676	50.634	73.712
677	51.015	74.182
678	51.332	74.435
679	51.585	74.826
680	51.917	75.064
681	51.913	75.387
682	52.252	75.274
683	52.306	75.285
684	52.158	75.234
685	52.309	75.264
686	52.285	75.318
687	52.404	75.26
688	52.732	75.242
689	52.703	75.11
690	52.378	74.99
691	52.409	75.05
692	52.255	75.078
693	52.077	75.349
694	52.092	75.564
695	52.113	75.518
696	52.107	75.709
697	51.787	75.945
698	51.651	75.808
699	51.687	75.697
700	51.775	75.811
701	51.817	75.792
702	51.667	76.127
703	51.642	75.76
704	51.681	75.754
705	51.685	75.74
706	51.745	75.59
707	51.379	75.239
708	51.706	74.947
709	51.782	74.797
710	51.806	74.066
711	51.962	73.416
712	51.994	73.059
713	51.895	72.745
714	51.971	72.83
715	51.742	72.215
716	51.793	71.948
717	52.041	71.572
718	52.192	71.192
719	52.316	71.118
720	52.55	71.204
721	52.585	71.248
722	52.24	71.152
723	52.378	71.044
724	52.417	70.726
725	52.936	70.465
726	52.81	70.326
727	52.803	70.085
728	52.905	70.252
729	52.947	70.187
730	52.729	70.168
731	52.732	69.839
732	52.67	69.761
733	52.4	69.444
734	52.484	70.025
735	52.297	69.504
736	52.428	69.924
737	52.233	69.844
738	52.938	69.406
739	53.572	68.953
740	54.173	68.63
741	54.352	68.62
742	54.576	68.333
743	54.823	67.986
744	54.917	68.019
745	54.852	67.48
746	55.618	67.2
747	55.841	66.95
748	55.909	66.756
749	55.991	66.771
750	56.143	66.824
751	56.224	67.013
752	56.206	66.982
753	56.337	67.124
754	56.404	67.113
755	56.451	67.159
756	56.535	66.966
757	56.378	66.966
758	56.485	67.144
759	56.508	67.209
760	56.271	66.903
761	56.219	67.229
762	56.159	67.025
763	56.387	66.964
764	56.172	66.959
765	56.174	67.074
766	56.178	67.071
767	56.371	66.913
768	56.311	66.962
769	56.214	66.913
770	56.63	66.703
771	56.421	66.7
772	56.458	66.688
773	56.473	66.695
774	56.686	66.718
775	56.705	66.798
776	56.598	66.86
777	56.799	66.79
778	56.873	66.624
779	56.561	66.828
780	56.793	66.835
781	56.651	66.886
782	56.551	66.733
783	56.505	66.696
784	56.627	66.464
785	56.53	66.192
786	56.588	66.125
787	56.693	65.589
788	56.617	65.479
789	56.732	65.211
790	56.788	65.28
791	56.751	65.172
792	56.805	64.985
793	56.757	64.878
794	56.681	64.799
795	56.872	64.659
796	56.908	64.269
797	56.928	64.283
798	56.96	64.182
799	56.769	63.87
800	56.661	63.943
801	56.419	63.706
802	56.356	63.818
803	56.335	64.048
804	56.546	64.067
805	56.386	64.17
806	56.444	64.234
807	56.256	64.279
808	56.172	64.239
809	56.293	63.979
810	56.349	64.038
811	56.421	64.163
812	56.571	64.002
813	56.616	64.132
814	56.771	64.281
815	56.442	64.137
816	56.25	64.269
817	56.103	64.356
818	56.076	64.375
819	55.698	64.538
820	55.7	64.504
821	55.614	64.613
822	55.261	64.987
823	55.199	64.452
824	55.016	64.449
825	55.046	64.407
826	55.066	64.394
827	55.207	64.12
828	55.248	64.164
829	55.149	64.12
830	55.192	64.191
831	55.297	64.063
832	55.167	63.827
833	55.454	63.921
834	55.294	63.79
835	55.213	63.956
836	55.397	63.674
837	55.128	63.77
838	55.285	63.805
839	55.109	63.736
840	54.815	63.599
841	54.607	63.39
842	54.92	63.515
843	54.984	63.386
844	54.692	63.371
845	54.354	63.192
846	53.709	62.726
847	53.997	62.699
848	53.624	62.375
849	53.444	62.043
850	53.426	61.776
851	53.593	61.581
852	53.59	61.629
853	53.697	61.675
854	54.072	61.642
855	54.119	61.555
856	54.143	61.834
857	54.214	61.777
858	54.167	61.902
859	54.202	62.168
860	54.153	62.239
861	54.181	62.343
862	54.184	62.341
863	54.215	62.337
864	54.368	62.212
865	54.219	62.203
866	54.282	62.13
867	54.206	62.19
868	54.239	62.325
869	54.294	62.289
870	54.137	62.223
871	54.229	62.051
872	54.211	62.232
873	54.024	62.193
874	54.137	62.298
875	54.149	62.401
876	53.989	62.4
877	53.816	62.749
878	53.967	62.606
879	53.924	62.741
880	54.032	62.882
881	53.974	63.057
882	54.19	63.169
883	54.23	62.966
884	54.171	62.866
885	54.066	62.82
886	54.121	62.703
887	53.717	62.637
888	52.673	62.727
889	52.489	62.699
890	52.432	62.616
891	52.065	62.758
892	51.691	63.065
893	51.55	63.076
894	51.156	62.974
895	50.678	62.952
896	50.485	62.933
897	50.618	62.958
898	50.743	62.997
899	50.85	63.103
900	51.059	63.366
901	51.008	63.111
902	50.775	62.967
903	50.807	62.841
904	51.172	62.731
905	51.409	62.79
906	51.289	62.718
907	51.442	62.652
908	51.662	62.512
909	51.43	62.289
910	51.788	62.484
911	51.747	62.656
912	51.991	62.49
913	51.955	63.04
914	52.113	62.999
915	52.133	62.916
916	52.345	62.586
917	52.459	62.701
918	52.562	62.696
919	52.412	62.841
920	52.584	62.83
921	52.705	62.741
922	52.653	62.529
923	53.047	62.144
924	53.09	62.177
925	52.792	62.241
926	52.665	62.406
927	52.928	61.978
928	53.29	61.77
929	53.204	61.873
930	53.175	61.58
931	53.271	61.461
932	53.108	61.508
933	53.115	61.492
934	52.925	61.46
935	53.398	61.447
936	53.061	61.603
937	52.636	61.612
938	52.95	61.604
939	52.682	61.329
940	52.393	61.571
941	52.454	61.479
942	52.194	61.57
943	52.381	61.365
944	52.289	62.108
945	51.704	62.101
946	51.327	62.226
947	51.797	62.973
948	51.658	63.098
949	51.451	63.545
950	51.175	63.632
951	51.149	63.863
952	50.898	63.724
953	50.796	63.688
954	50.922	63.812
955	50.778	63.611
956	50.719	63.681
957	50.876	63.591
958	51.03	63.489
959	50.953	63.432
960	51.095	63.324
961	51.272	63.481
962	51.337	63.46
963	51.299	63.511
964	51.325	63.602
965	51.223	63.608
966	51.212	63.573
967	50.826	63.783
968	50.934	64.508
969	50.852	64.471
970	50.707	64.361
971	50.682	64.161
972	50.622	63.917
973	50.423	63.945
974	50.43	64.511
975	50.52	64.088
976	50.463	64.059
977	50.258	64.455
978	49.944	64.178
979	50.099	63.971
980	49.65	63.285
981	49.477	63.022
982	49.751	62.731
983	49.824	62.419
984	49.68	62.273
985	49.713	62.193
986	49.497	61.98
987	49.64	61.583
988	49.915	61.601
989	50.479	61.522
990	50.76	61.434
991	51.416	61.102
992	51.156	61.231
993	51.625	61.356
994	52.122	61.11
995	52.249	60.97
996	52.752	60.906
997	53.481	60.92
998	53.577	61.027
999	53.558	60.686
1000	54.165	60.477
1001	53.592	60.504
1002	53.268	60.589
1003	53.201	60.784
1004	53.013	60.978
1005	52.736	60.747
1006	53.093	61.01
1007	52.972	61.043
1008	53.138	61.028
1009	52.986	60.905
1010	53.072	60.674
1011	52.967	60.997
1012	53.03	60.767
1013	52.533	60.963
1014	52.298	60.862
1015	52.261	61.133
1016	52.107	61.484
1017	51.67	61.716
1018	51.649	61.584
1019	51.608	61.244
1020	51.433	61.077
1021	51.697	61.381
1022	51.117	61.554
1023	50.994	61.686
1024	50.952	62.037
1025	50.505	62.334
1026	50.681	62.018
1027	50.665	62.571
1028	50.063	62.454
1029	50.215	62.189
1030	50.214	62.604
1031	50.188	62.696
1032	50.047	62.666
1033	49.625	62.693
1034	49.603	62.723
1035	49.418	62.509
1036	49.495	62.619
1037	49.792	62.49
1038	49.647	62.681
1039	49.196	63.009
1040	48.913	63.069
1041	48.661	63.036
1042	48.943	63.149
1043	48.686	63.221
1044	48.596	63.249
1045	48.37	63.043
1046	48.656	63.024
1047	48.464	62.488
1048	48.913	62.413
1049	49.001	62.635
1050	48.586	62.361
1051	48.707	62.645
1052	48.546	62.987
1053	48.582	62.727
1054	48.396	62.582
1055	48.279	62.921
1056	48.319	63.186
1057	48.511	63.528
1058	48.827	63.545
1059	49.047	63.507
1060	48.992	63.798
1061	49.002	63.837
1062	48.412	63.681
1063	48.048	64.105
1064	48.023	64.012
1065	47.606	64.21
1066	47.693	64.514
1067	47.579	64.177
1068	47.535	63.999
1069	47.395	63.96
1070	47.39	63.821
1071	47.352	63.58
1072	47.395	63.467
1073	47.616	63.225
1074	47.504	63.552
1075	47.456	63.638
1076	47.162	63.476
1077	46.622	63.697
1078	46.751	63.523
1079	46.637	63.704
1080	46.395	64.415
1081	46.398	64.269
1082	46.487	64.041
1083	46.615	64.464
1084	46.418	64.795
1085	46.681	64.49
1086	46.518	64.595
1087	46.6	64.312
1088	47.19	64.428
1089	46.699	64.656
1090	46.788	64.348
1091	46.457	64.795
1092	46.431	64.57
1093	46.272	64.37
1094	47.098	64.652
1095	46.926	64.785
1096	47.18	64.981
1097	47.186	65.151
1098	47.092	64.863
1099	46.964	65.009
1100	47.185	65.194
1101	46.775	64.861
1102	46.928	64.728
1103	47.101	64.531
1104	46.977	64.445
1105	46.79	64.834
1106	47.077	64.56
1107	47.066	64.534
1108	46.824	64.276
1109	47.021	64.262
1110	47.019	64.072
1111	47.103	64.029
1112	46.95	64.066
1113	46.984	63.822
1114	46.589	64.001
1115	46.461	63.439
1116	46.743	63.128
1117	46.571	63.454
1118	46.453	63.317
1119	46.37	63.465
1120	46.199	63.385
1121	46.279	63.183
1122	46.402	63.064
1123	45.06	62.452
1124	45.077	62.264
1125	44.49	62.305
1126	44.045	61.582
1127	44.066	61.278
1128	43.975	61.482
1129	44.282	61.442
1130	44.08	61.353
1131	44.178	61.489
1132	44.239	61.046
1133	44.286	61.296
1134	44.388	61.154
1135	44.439	61.371
1136	44.109	61.477
1137	43.695	61.572
1138	44.101	61.455
1139	44.162	61.479
1140	44.209	61.349
1141	43.784	61.128
1142	43.976	61.124
1143	43.981	61.3
1144	43.794	60.928
1145	44.034	60.716
1146	43.505	61.269
1147	43.319	61.249
1148	43.49	61.322
1149	43.54	61.087
1150	43.281	61.22
1151	43.324	61.054
1152	43.156	61.255
1153	43.434	61.251
1154	43.335	61.207
1155	43.478	61.23
1156	43.627	61.194
1157	43.39	61.243
1158	43.464	61.612
1159	44.052	61.25
1160	43.636	61.141
1161	43.53	61.654
1162	43.27	61.422
1163	43.604	61.42
1164	43.693	61.607
1165	43.484	61.678
1166	43.515	61.916
1167	43.044	61.615
1168	43.35	61.429
1169	43.315	62.072
1170	43.467	62.488
1171	43.696	62.302
1172	43.643	62.101
1173	43.687	61.674
1174	43.978	61.942
1175	43.616	62.312
1176	43.133	62.064
1177	43.425	62.386
1178	43.319	62.114
1179	43.641	62.287
1180	43.35	62.198
1181	43.469	62.134
1182	43.456	62.145
1183	43.448	62.486
1184	43.447	62.345
1185	43.384	62.583
1186	43.276	62.622
1187	43.137	62.686
1188	42.93	62.605
1189	42.96	62.464
1190	43.072	62.374
1191	42.8	62.359
1192	42.513	62.528
1193	42.77	62.436
1194	42.649	62.571
1195	42.925	62.349
1196	43.07	62.263
1197	43.027	61.87
1198	43.058	62.122
1199	42.936	62.314
1200	43.011	62.683
1201	43.009	62.368
1202	43.093	62.201
1203	43.287	62.376
1204	43.353	62.34
1205	43.231	62.117
1206	43.158	62.168
1207	43.21	62.333
1208	43.066	62.518
1209	43.406	62.374
1210	43.484	62.279
1211	43.42	62.269
1212	43.499	62.464
1213	43.375	62.771
1214	43.523	62.315
1215	43.797	62.585
1216	43.101	62.167
1217	43.475	62.152
1218	43.523	62.098
1219	43.624	62.191
1220	43.711	62.232
1221	43.409	62.598
1222	43.707	62.727
1223	43.5	62.261
1224	43.7	62.621
1225	43.723	62.651
1226	43.699	63.289
1227	43.675	62.478
1228	43.646	62.583
1229	43.555	63.128
1230	43.386	62.81
1231	43.427	63.159
1232	43.597	63.145
1233	43.529	63.054
1234	43.289	63.074
1235	43.242	62.956
1236	43.447	63.274
1237	43.507	63.165
1238	43.41	63.23
1239	43.297	62.82
1240	43.241	63.015
1241	43.403	63.091
1242	43.372	62.797
1243	43.325	63.006
1244	43.359	62.931
1245	43.622	62.878
1246	43.959	62.848
1247	43.438	62.798
1248	43.416	62.849
1249	43.3	62.703
1250	43.29	62.569
1251	42.633	62.306
1252	42.624	62.612
1253	42.945	62.285
1254	42.977	62.116
1255	42.368	62.012
1256	43.044	62.03
1257	43.199	61.686
1258	43.058	61.501
1259	42.515	61.194
1260	42.425	61.294
1261	42.302	61.28
1262	42.005	61.383
1263	42.105	61.603
1264	42.129	61.522
1265	41.641	62.098
1266	41.344	62.49
1267	41.301	62.618
1268	41.724	63.192
1269	41.492	63.682
1270	41.507	63.65
1271	41.561	63.759
1272	41.304	64.024
1273	41.251	64.063
1274	41.488	64.216
1275	41.479	64.183
1276	41.423	64.265
1277	41.452	64.693
1278	41.594	64.575
1279	41.214	64.36
1280	41.325	64.795
1281	41.515	65.147
1282	41.222	65.111
1283	41.339	65.374
1284	41.37	65.645
1285	41.335	65.602
1286	41.509	65.224
1287	41.677	65.456
1288	41.545	65.424
1289	41.456	65.589
1290	41.473	65.741
1291	41.58	65.573
1292	41.697	65.519
1293	42.097	65.62
1294	42.381	65.91
1295	42.607	65.851
1296	43.417	66.172
1297	43.353	66.276
1298	43.222	66.492
1299	43.353	66.274
1300	43.216	66.79
1301	43.171	66.343
1302	43.289	66.647
1303	42.934	66.24
1304	43.373	66.231
1305	43.669	66.295
1306	44.06	65.67
1307	44.352	65.344
1308	44.987	64.817
1309	45.176	64.399
1310	45.429	63.78
1311	45.863	63.501
1312	46.303	63.354
1313	46.381	63.073
1314	46.465	62.615
1315	46.251	61.823
1316	46.338	61.618
1317	46.544	61.553
1318	46.319	61.549
1319	46.67	61.253
1320	46.483	60.406
1321	46.449	59.703
1322	47.133	60.53
1323	46.336	60.438
1324	46.946	60.499
1325	46.911	60.582
1326	46.945	60.473
1327	46.907	60.191
1328	48.23	60.202
1329	48.414	60.086
1330	48.015	60.147
1331	48.7	59.524
1332	49.334	59.376
1333	49.669	59.14
1334	50.216	59.055
1335	50.186	59.134
1336	50.452	58.782
1337	50.066	58.837
1338	50.179	58.927
1339	50.27	59.134
1340	50.375	59.178
1341	50.591	59.088
1342	50.832	59.095
1343	50.724	58.92
1344	51.087	58.702
1345	51.132	58.839
1346	51.495	59.25
1347	51.47	59.171
1348	51.384	59.127
1349	51.322	58.991
1350	51.267	58.838
1351	51.205	58.974
1352	51.362	59.154
1353	51.367	59.373
1354	51.451	59.137
1355	51.354	59.11
1356	51.112	59.072
1357	50.868	59.338
1358	50.888	58.864
1359	50.824	59.42
1360	50.958	58.924
1361	50.804	58.752
1362	50.992	58.458
1363	50.761	58.546
1364	50.645	58.404
1365	50.712	57.993
1366	50.774	58.116
1367	50.661	58.222
1368	50.51	58.062
1369	50.859	58.016
1370	50.524	57.985
1371	50.635	57.502
1372	50.493	57.81
1373	50.299	57.99
1374	50.573	58.033
1375	50.191	58.513
1376	50.427	58.566
1377	50.44	58.605
1378	50.43	58.343
1379	50.436	58.535
1380	50.343	58.753
1381	50.212	59.054
1382	50.167	58.963
1383	50.093	59.052
1384	50.231	58.953
1385	49.984	59.23
1386	49.996	58.824
1387	50.031	58.802
1388	50.041	58.769
1389	49.769	58.648
1390	49.955	58.698
1391	50.009	58.566
1392	49.351	58.591
1393	49.572	58.7
1394	49.915	58.637
1395	49.79	58.604
1396	49.968	58.965
1397	49.936	59.163
1398	50.101	58.808
1399	50.215	59.161
1400	50.102	59.151
1401	49.965	59.209
1402	50.122	59.326
1403	49.685	59.391
1404	49.753	59.481
1405	49.499	59.602
1406	49.554	59.77
1407	50.041	59.452
1408	50.148	59.709
1409	50.172	59.64
1410	50.362	59.65
1411	50.532	59.69
1412	50.647	59.561
1413	50.769	59.762
1414	50.761	59.748
1415	50.691	59.719
1416	50.706	59.912
1417	50.795	59.809
1418	50.932	59.773
1419	50.775	59.787
1420	50.517	59.78
1421	50.519	59.645
1422	50.298	59.641
1423	50.311	59.526
1424	50.236	59.332
1425	50.253	59.591
1426	49.739	59.239
1427	49.915	59.41
1428	50.256	59.489
1429	49.715	59.509
1430	50.066	59.613
1431	50.104	59.851
1432	50.217	59.754
1433	50.326	60.137
1434	50.55	59.776
1435	50.44	60.226
1436	50.438	60.154
1437	50.327	60.072
1438	50.213	60.092
1439	49.462	60.747
1440	49.625	60.608
1441	49.38	60.981
1442	48.727	60.72
1443	48.472	60.801
1444	48.355	60.204
1445	49.023	59.805
1446	48.741	59.438
1447	48.922	59.235
1448	48.607	58.619
1449	48.942	58.684
1450	48.135	59.101
1451	48.295	58.6
1452	48.272	58.943
1453	48.722	58.743
1454	48.053	58.549
1455	47.932	58.669
1456	48.284	58.435
1457	48.327	58.413
1458	48.217	58.446
1459	47.778	58.641
1460	47.973	58.425
1461	48.278	58.587
1462	48.176	58.285
1463	48.152	58.124
1464	48.847	57.997
1465	48.537	58.451
1466	48.531	58.371
1467	49.021	58.009
1468	49.128	58.119
1469	49.036	58.063
1470	48.992	58.264
1471	48.783	58.045
1472	48.739	57.967
1473	48.728	57.695
1474	49.082	57.727
1475	48.901	57.947
1476	48.736	58.116
1477	48.468	58.239
1478	48.544	58.222
1479	48.975	58.229
1480	49.198	58.485
1481	48.902	58.564
1482	48.975	58.397
1483	49.319	58.336
1484	49.141	58.735
1485	49.036	58.706
1486	49.047	58.878
1487	49.093	58.721
1488	49.266	58.52
1489	49.265	58.512
1490	49.198	58.468
1491	49.155	58.48
1492	49.376	58.472
1493	48.768	57.975
1494	48.517	57.616
1495	48.168	57.38
1496	48.237	57.395
1497	48.741	57.175
1498	49.101	57.222
1499	48.903	57.245
1500	49.168	57.031
1501	48.423	56.735
1502	48.996	56.912
1503	48.823	56.987
1504	49.038	57.029
1505	49.037	56.727
1506	48.986	57.189
1507	49.118	57.088
1508	49.048	57.174
1509	48.818	57.193
1510	48.956	57.311
1511	48.991	57.601
1512	48.94	57.686
1513	48.782	57.569
1514	48.85	57.223
1515	49.095	57.313
1516	48.752	57.314
1517	49.508	57.085
1518	49.755	57.284
1519	49.303	57.535
1520	49.258	57.779
1521	49.463	58.091
1522	49.462	57.962
1523	49.52	57.896
1524	49.205	58.276
1525	49.368	58.18
1526	49.681	58.039
1527	49.286	58.111
1528	49.4	57.866
1529	49.305	58.052
1530	49.537	57.678
1531	49.271	57.572
1532	49.429	57.562
1533	49.594	57.842
1534	49.412	57.554
1535	49.518	57.544
1536	49.327	57.753
1537	49.3	57.664
1538	49.405	57.948
1539	49.597	58.28
1540	49.428	58.185
1541	49.578	58.24
1542	49.452	58.638
1543	49.143	58.185
1544	49.22	58.426
1545	49.531	58.711
1546	49.586	58.544
1547	49.247	58.497
1548	49.634	58.454
1549	49.723	58.565
1550	49.757	58.349
1551	50.212	58.169
1552	49.772	58.215
1553	50.177	58.334
1554	50.095	58.396
1555	50.089	58.593
1556	50.25	58.574
1557	50.132	58.486
1558	50.094	58.486
1559	50.165	58.326
1560	50.225	58.758
1561	50.035	58.656
1562	50.134	59.001
1563	50.008	58.549
1564	50.076	58.396
1565	50.002	58.319
1566	50.258	58.552
1567	50.021	58.377
1568	49.799	58.648
1569	49.786	58.94
1570	49.321	58.851
1571	49.277	58.765
1572	49.362	58.332
1573	49.354	58.12
1574	49.336	58.376
1575	49.396	58.418
1576	49.655	58.339
1577	49.612	58.325
1578	49.721	58.46
1579	49.65	58.285
1580	49.632	58.207
1581	49.949	58.296
1582	49.726	58.262
1583	49.683	58.416
1584	49.997	58.241
1585	49.658	58.313
1586	49.717	58.51
1587	50.12	58.636
1588	49.674	58.617
1589	49.532	58.836
1590	49.781	58.716
1591	50.072	59.037
1592	49.719	59.089
1593	49.652	58.954
1594	49.607	59.224
1595	49.799	59.052
1596	50.293	58.782
1597	49.954	58.779
1598	49.751	58.781
1599	50.047	58.782
1600	49.805	58.791
1601	49.84	58.707
1602	49.665	58.744
1603	49.313	58.746
1604	49.286	58.823
1605	49.18	58.82
1606	49.063	58.999
1607	49.158	58.915
1608	49.19	59.219
1609	49.233	59.35
1610	49.323	59.217
1611	49.144	59.279
1612	49.383	59.479
1613	49.563	59.291
1614	49.751	59.418
1615	49.603	59.355
1616	49.526	59.301
1617	49.25	59.188
1618	48.731	59.36
1619	48.564	59.148
1620	48.569	58.858
1621	48.469	59.138
1622	48.312	58.723
1623	48.298	58.92
1624	48.469	58.92
1625	48.426	59.112
1626	48.482	59.366
1627	48.581	59.011
1628	49.181	58.903
1629	49.323	59.037
1630	49.388	59.228
1631	49.606	59.12
1632	49.955	59.267
1633	50.018	59.343
1634	49.939	59.18
1635	50.067	59.347
1636	50.125	59.332
1637	50.415	59.245
1638	50.258	59.382
1639	50.205	59.396
1640	50.022	59.35
1641	50.272	59.128
1642	49.958	59.009
1643	49.755	59.424
1644	50.013	59.364
1645	49.956	59.356
1646	49.786	59.337
1647	49.967	59.676
1648	50.143	59.868
1649	50.404	59.942
1650	50.21	59.821
1651	49.677	59.665
1652	50.078	59.569
1653	49.949	59.599
1654	49.939	59.536
1655	49.656	59.5
1656	49.767	59.826
1657	49.486	59.632
1658	49.451	59.536
1659	49.551	59.548
1660	49.504	59.704
1661	49.604	59.67
1662	49.723	59.669
1663	49.665	59.659
1664	49.266	60.147
1665	49.017	59.945
1666	49.399	59.632
1667	49.212	59.581
1668	49.956	59.63
1669	50.027	60.2
1670	49.429	60.19
1671	49.629	60.271
1672	49.316	60.078
1673	49.359	60.141
1674	49.156	60.069
1675	49.141	60.191
1676	49.298	60.45
1677	49.322	60.471
1678	49.279	60.442
1679	49.406	60.324
1680	49.475	60.237
1681	49.144	60.199
1682	49.079	60.301
1683	49.313	60.052
1684	49.235	60.315
1685	48.979	60.424
1686	49.188	60.218
1687	49.24	59.909
1688	49.154	60.175
1689	49.116	60.061
1690	49.355	60.199
1691	49.176	60.487
1692	49.49	60.555
1693	49.443	59.98
1694	49.383	60.572
1695	49.519	60.465
1696	49.639	60.462
1697	49.653	60.767
1698	49.511	60.249
1699	49.485	60.331
1700	48.687	60.425
1701	48.57	60.397
1702	47.916	60.041
1703	47.585	59.905
1704	47.129	60.307
1	46.669	61.151
2	46.403	61.359
3	46.342	61.886
4	46.328	61.828
5	46.545	61.964
6	46.316	61.729
7	46.409	62.065
8	46.531	62.319
9	46.566	62.144
10	46.469	61.954
11	45.926	62.111
12	46.251	62.366
13	46.306	62.177
14	45.776	62.314
15	46.122	61.834
16	45.93	61.834
17	46.177	61.915
18	45.997	62.294
19	45.427	62.372
20	45.489	62.393
21	45.53	62.6
22	45.672	62.394
23	45.626	62.524
24	45.734	62.573
25	45.982	62.572
26	45.941	62.182
27	45.62	62.597
28	45.658	62.622
29	45.63	62.722
30	45.931	62.519
31	45.668	62.465
32	45.388	62.096
33	45.797	62.183
34	45.586	62.31
35	45.678	62.22
36	45.749	62.507
37	45.967	63.105
38	46.096	62.597
39	46.118	62.297
40	46.359	62.742
41	46.021	62.412
42	46.166	62.162
43	46.14	62.218
44	46.084	61.78
45	46.008	61.98
46	45.553	61.298
47	46.088	61.476
48	46.013	62.075
49	46.136	62.234
50	46.365	62.442
51	46.46	62.559
52	46.141	62.657
53	46.08	62.441
54	46.061	62.501
55	46.224	62.52
56	46.004	62.231
57	46.023	62.268
58	45.845	62.226
59	45.793	62.03
60	45.758	62.105
61	45.448	61.728
62	45.589	61.713
63	45.477	61.666
64	46.004	61.94
65	46.262	61.621
66	46.301	61.545
67	46.066	61.704
68	46.451	61.578
69	46.305	61.684
70	45.931	61.498
71	45.922	61.657
72	45.66	61.518
73	45.548	61.642
74	46.085	61.668
75	45.684	61.581
76	46.352	61.642
77	46.36	62.157
78	46.399	62.136
79	46.514	62.354
80	46.583	62.629
81	46.219	62.489
82	47.015	62.853
83	46.718	62.61
84	46.509	62.545
85	46.294	62.501
86	46.688	62.3
87	46.824	62.307
88	46.789	62.39
89	47.04	62.306
90	46.958	62.431
91	47.261	62.386
92	47.388	62.421
93	47.352	62.274
94	47.304	62.285
95	47.33	62.186
96	47.188	62.609
97	47.316	62.477
98	47.129	62.424
99	47.195	62.388
100	47.203	62.338
101	47.091	62.516
102	47.078	62.529
103	46.679	62.698
104	46.482	63.143
105	46.341	63.233
106	46.22	62.93
107	46.185	63.442
108	46.128	63.504
109	46.485	63.395
110	46.404	62.964
111	46.401	63.443
112	46.093	63.457
113	46.4	63.445
114	46.257	62.962
115	46.371	63.012
116	46.718	63.025
117	46.475	63.1
118	46.519	63.075
119	46.363	62.941
120	46.159	63.326
121	46.007	63.072
122	46.199	62.497
123	46.543	62.328
124	46.57	62.5
125	46.906	62.477
126	47.204	62.563
127	47.274	62.67
128	47.512	62.407
129	47.507	62.313
130	47.493	62.227
131	47.501	62.51
132	47.399	62.434
133	47.244	62.438
134	47.284	63.158
135	47.166	63.376
136	47.089	63.725
137	47.213	63.606
138	47.202	63.662
139	46.939	63.655
140	47.297	63.363
141	47.149	63.484
142	47.22	63.552
143	47.3	63.34
144	47.449	62.987
145	47.464	63.171
146	47.453	62.944
147	47.398	62.949
148	47.338	63.026
149	47.142	62.681
150	47.29	62.676
151	47.361	62.545
152	47.37	63.024
153	47.308	62.413
154	47.9	62.54
155	47.781	62.988
156	47.796	62.512
157	47.657	62.644
158	47.606	62.706
159	47.513	63.071
160	47.477	63.281
161	47.341	63.103
162	47.522	62.873
163	47.159	62.978
164	46.978	63.063
165	46.637	63.429
166	46.769	63.441
167	46.637	63.257
168	46.44	63.338
169	46.729	63.476
170	46.234	63.178
171	46.624	63.549
172	46.494	63.479
173	46.394	63.409
174	46.186	63.647
175	46.663	63.452
176	46.858	63.587
177	47.219	63.477
178	47.107	63.93
179	46.965	63.19
180	47.135	63.212
181	47.047	63.49
182	47.529	63.768
183	47.452	63.918
184	47.168	63.864
185	47.184	63.704
186	47.06	63.53
187	46.742	63.22
188	46.535	63.233
189	46.297	63.149
190	46.076	62.983
191	46.417	63.228
192	46.195	63.019
193	46.424	62.63
194	46.622	63.205
195	46.592	63.287
196	46.487	63.513
197	47.073	63.324
198	47.222	63.493
199	47.388	63.192
200	47.602	63.013
201	47.749	63.338
202	48.157	63.475
203	48.258	63.192
204	48.245	63.308
205	48.046	63.483
206	48.494	62.998
207	48.152	63.296
208	48.176	63.423
209	48.381	63.983
210	48.326	63.834
211	48.433	63.637
212	48.284	63.212
213	48.222	63.785
214	48.122	63.821
215	47.928	63.364
216	47.669	63.482
217	48.032	63.598
218	47.952	63.549
219	48.104	63.465
220	47.917	63.226
221	47.662	63.968
222	47.686	64.006
223	47.461	63.807
224	47.921	63.873
225	47.965	63.946
226	48.026	64.024
227	47.932	63.685
228	47.753	63.659
229	47.607	63.98
230	48.061	64.069
231	47.916	63.806
232	47.932	63.983
233	48.157	63.949
234	48.084	64.048
235	48.023	63.77
236	48.439	64.013
237	48.631	64.199
238	48.426	63.578
239	48.481	63.569
240	48.514	63.585
241	48.386	63.364
242	48.332	63.521
243	47.817	63.592
244	48.027	63.583
245	48.209	63.627
246	47.78	63.669
247	47.721	63.687
248	47.968	63.741
249	47.651	64.091
250	47.655	64.212
251	47.903	64.195
252	47.915	64.357
253	47.949	64.366
254	48.02	64.39
255	47.619	64.239
256	47.745	64.358
257	47.805	64.439
258	47.339	64.385
259	47.155	64.38
260	47.119	64.288
261	47.319	64.311
262	47.317	64.356
263	47.313	64.432
264	47.521	64.31
265	47.342	64.652
266	47.662	64.634
267	47.632	64.655
268	47.711	64.42
269	47.663	64.669
270	47.366	64.433
271	47.642	64.28
272	47.489	64.233
273	47.763	64.333
274	47.703	64.292
275	47.511	64.195
276	47.619	64.147
277	47.385	64.256
278	47.491	64.344
279	47.738	64.4
280	47.756	64.36
281	48.305	64.069
282	48.245	64.163
283	47.956	64.203
284	47.983	64.277
285	47.864	64.064
286	48.145	64.232
287	48.132	64.154
288	48.15	64.446
289	47.834	64.447
290	47.934	64.444
291	47.988	64.719
292	47.919	64.461
293	48.181	64.529
294	48.104	64.674
295	48.329	64.712
296	48.257	64.724
297	48.152	64.48
298	48.228	64.607
299	48.225	64.639
300	48.237	64.274
301	48.031	64.206
302	48.078	64.097
303	47.729	64.336
304	47.475	64.12
305	47.414	63.838
306	47.29	63.83
307	47.181	63.923
308	47.262	63.569
309	47.224	63.872
310	47.048	63.975
311	46.982	64.262
312	46.972	64.573
313	46.677	64.478
314	46.788	64.712
315	47.029	64.654
316	46.708	64.704
317	46.731	64.957
318	47.255	64.953
319	47.26	64.671
320	47.304	64.67
321	47.496	64.567
322	47.554	64.304
323	47.28	64.476
324	47.271	64.553
325	47.277	64.096
326	47.705	64.08
327	47.278	64.398
328	47.44	64.372
329	47.3	64.353
330	47.487	64.165
331	47.499	64.554
332	47.543	64.514
333	47.461	64.236
334	47.365	64.283
335	47.476	64.346
336	47.294	64.371
337	47.659	64.368
338	47.355	64.55
339	47.33	64.611
340	47.132	64.656
341	47.155	64.596
342	47.299	64.586
343	46.922	64.591
344	47.463	64.673
345	47.461	64.858
346	47.479	64.71
347	47.222	64.456
348	47.511	64.723
349	47.393	65.082
350	47.289	64.689
351	47.029	65.037
352	46.993	65.201
353	47.339	65.078
354	47.156	64.984
355	47.216	65.276
356	47.215	65.003
357	47.224	65.081
358	47.032	65.029
359	47.225	64.626
360	47.213	64.862
361	47.148	64.756
362	47.21	65.05
363	47.495	64.794
364	47.266	64.536
365	47.129	64.744
366	47.363	64.716
367	47.28	64.347
368	47.646	64.443
369	47.571	64.509
370	47.533	64.631
371	47.404	64.474
372	47.636	64.492
373	47.933	64.656
374	47.985	64.632
375	47.907	64.688
376	47.585	64.512
377	48.177	64.705
378	47.977	64.637
379	48.1	65.001
380	47.546	65.062
381	47.642	65.019
382	47.574	64.639
383	47.665	64.722
384	47.871	64.532
385	47.658	65.226
386	47.587	64.377
387	47.508	65.098
388	47.682	64.79
389	47.656	65.077
390	47.27	64.801
391	47.455	64.965
392	47.643	64.544
393	47.407	64.588
394	47.537	65.083
395	47.783	64.769
396	47.747	65.185
397	47.938	65.069
398	48.017	64.972
399	47.978	65.212
400	47.912	64.828
401	47.648	65.016
402	47.691	65.174
403	47.479	65.013
404	47.597	65.161
405	47.547	65.147
406	47.417	65
407	47.184	64.925
408	47.025	64.646
409	47.253	64.983
410	46.94	65.318
411	47.187	65.289
412	47.151	65.188
413	47.263	65.205
414	47.383	65.098
415	47.66	65.367
416	47.972	65.376
417	47.356	65.3
418	47.916	65.327
419	47.69	65.422
420	47.577	65.409
421	47.936	65.402
422	47.585	65.287
423	47.65	65.336
424	47.482	65.214
425	47.45	65.292
426	47.738	65.221
427	47.606	65.136
428	47.436	65.679
429	47.18	65.588
430	47.516	65.388
431	47.685	65.708
432	47.373	65.606
433	47.185	65.924
434	47.388	65.619
435	47.073	65.334
436	47.223	65.757
437	47.131	65.654
438	47.421	65.25
439	47.554	65.549
440	47.35	65.754
441	47.551	65.553
442	47.443	66.033
443	47.621	65.866
444	47.472	65.687
445	47.615	66.06
446	47.627	66.196
447	47.439	65.771
448	47.466	65.781
449	47.435	65.385
450	47.367	65.537
451	47.427	65.382
452	47.412	66.168
453	47.303	65.623
454	47.45	65.56
455	47.401	65.356
456	47.316	65.322
457	47.158	65.514
458	47.627	65.652
459	47.469	65.588
460	47.598	65.499
461	47.108	65.542
462	47.454	65.179
463	47.562	65.58
464	47.153	65.689
465	47.046	65.708
466	47.127	65.678
467	47.018	65.503
468	47.046	65.673
469	47.014	65.985
470	47.123	66.03
471	47.212	65.933
472	47.036	66.214
473	47.124	65.907
474	47.064	65.905
475	46.988	65.854
476	47.057	65.841
477	47.111	65.901
478	46.958	65.91
479	46.923	65.356
480	46.645	65.58
481	46.974	65.712
482	47.161	65.307
483	46.698	65.554
484	46.802	65.969
485	47.01	65.726
486	47.563	66.304
487	47.542	66.358
488	47.548	66.371
489	47.516	66.481
490	47.535	66.407
491	47.529	66.367
492	47.321	66.374
493	47.624	66.286
494	47.434	66.283
495	47.532	66.164
496	46.664	65.712
497	47.101	65.379
498	46.729	65.459
499	47.172	65.736
500	46.975	65.711
501	47.136	65.502
502	47.284	65.852
503	47.229	65.808
504	47.208	66.054
505	47.074	66.052
506	47.151	65.961
507	47.186	66.214
508	46.728	65.963
509	47.046	65.953
510	47.134	66.182
511	47.588	66.363
512	47.25	66.159
513	46.953	66.158
514	46.464	66.167
515	46.468	65.982
516	46.733	66.266
517	46.753	66.273
518	47.083	66.239
519	46.701	66.206
520	46.476	66.054
521	46.325	66.029
522	46.425	65.966
523	46.636	66.021
524	46.912	66.272
525	47.114	65.989
526	46.724	65.853
527	46.603	66.064
528	46.627	66.381
529	46.673	66.145
530	46.616	66.017
531	46.764	66.129
532	46.933	66.065
533	46.971	66.044
534	46.943	66.158
535	46.977	66.529
536	47.037	66.245
537	46.671	66.164
538	46.692	66.06
539	46.51	66.206
540	46.957	66.078
541	46.52	66.189
542	46.228	66.494
543	46.657	65.99
544	46.608	66.219
545	46.949	66.296
546	46.187	66.182
547	46.239	66.545
548	46.546	66.355
549	46.452	66.624
550	46.222	66.446
551	46.314	66.072
552	46.453	66.193
553	46.324	65.748
554	45.961	65.54
555	46.341	65.713
556	46.25	65.627
557	46.467	65.635
558	46.158	66.103
559	46.064	66.239
560	46.169	66.287
561	46.1	66.231
562	46.04	66.184
563	46	66.331
564	46.218	66.088
565	45.621	66.006
566	45.682	66.119
567	45.6	66.024
568	45.364	65.726
569	45.521	65.729
570	45.904	65.977
571	46.039	66.017
572	45.972	66.127
573	46.256	66.073
574	46.056	66.191
575	46.263	66.162
576	46.2	66.259
577	46.528	66.383
578	46.519	66.3
579	46.252	66.423
580	46.252	66.621
581	46.425	66.264
582	46.419	66.252
583	46.238	66.017
584	46.169	66.045
585	46.376	66.298
586	46.346	66.131
587	45.935	65.937
588	46.056	65.741
589	46.274	65.633
590	46.212	65.992
591	46.118	65.599
592	46.109	65.585
593	46.204	65.468
594	46.274	65.588
595	46.306	65.756
596	45.999	65.421
597	45.757	65.701
598	45.793	65.671
599	45.559	65.932
600	45.737	65.947
601	45.569	65.985
602	45.677	65.839
603	45.46	65.772
604	45.564	65.691
605	45.961	66.021
606	45.604	65.962
607	45.963	65.934
608	45.769	65.574
609	46.285	66.177
610	46.175	66.022
611	46.411	66.057
612	46.24	65.557
613	46.259	65.709
614	46.067	65.444
615	46.165	65.65
616	46.335	66.13
617	46.285	66.314
618	46.171	66.214
619	45.977	65.917
620	45.539	65.476
621	46.028	65.438
622	46.104	65.906
623	46.175	65.946
624	46.306	66.001
625	46.194	66.121
626	46.123	65.613
627	46.225	65.937
628	46.353	66.34
629	46.19	66.388
630	46.198	66.059
631	46.081	66.149
632	46.007	66.081
633	45.925	65.928
634	46.183	65.806
635	46.034	65.652
636	45.994	65.783
637	46	65.702
638	45.762	65.67
639	45.825	65.646
640	45.954	65.577
641	45.935	65.538
642	46.037	65.733
643	46.169	65.918
644	45.91	65.777
645	45.704	65.88
646	45.379	65.94
647	45.259	65.996
648	45.711	66.054
649	45.606	66.133
650	45.552	66.099
651	45.683	66.047
652	45.763	66.217
653	45.674	66.17
654	45.872	66.055
655	45.571	66.079
656	45.498	65.973
657	45.553	65.947
658	45.345	65.796
659	45.466	65.752
660	45.501	65.819
661	45.318	65.789
662	45.402	65.835
663	45.539	65.937
664	45.326	65.731
665	45.761	65.658
666	45.512	65.545
667	45.673	65.736
668	45.376	65.93
669	45.571	65.996
670	45.551	65.671
671	45.52	65.577
672	45.538	65.635
673	45.203	65.525
674	45.163	65.509
675	45.071	65.422
676	45.142	65.513
677	44.907	65.355
678	44.997	65.553
679	44.773	65.504
680	45.468	66.085
681	45.483	66.036
682	45.541	66.4
683	45.236	66.422
684	46.183	66.567
685	46.027	66.541
686	46.394	66.401
687	46.423	66.221
688	46.364	66.329
689	46.231	66.103
690	46.263	66.309
691	45.916	65.946
692	45.73	66.024
693	46.085	66.033
694	46.137	66.161
695	46.031	66.244
696	46.319	66.417
697	46.301	66.189
698	46.42	66.463
699	46.436	66.286
700	46.347	66.293
701	46.258	66.353
702	45.968	66.293
703	45.687	66.238
704	46.032	66.236
705	45.778	65.929
706	45.651	65.674
707	45.584	65.984
708	45.404	65.818
709	45.369	65.812
710	45.796	66.265
711	45.822	66.205
712	45.695	66.227
713	45.669	66.269
714	45.714	66.211
715	45.711	66.356
716	45.653	66.332
717	45.62	66.298
718	45.689	66.299
719	45.751	66.374
720	45.629	65.792
721	45.71	65.978
722	45.635	66.359
723	45.47	66.417
724	45.373	66.143
725	45.475	66.258
726	45.577	66.356
727	44.978	66.71
728	45.059	66.518
729	44.902	66.478
730	45.147	66.546
731	45.035	66.946
732	45.295	66.959
733	45.668	67.124
734	45.665	66.976
735	45.554	67.038
736	45.338	67.148
737	45.253	67.169
738	45.617	67.055
739	45.396	66.849
740	45.664	66.846
741	45.675	66.896
742	45.649	66.817
743	45.577	66.892
744	45.593	66.905
745	45.594	66.782
746	45.555	66.704
747	45.49	66.698
748	45.451	66.611
749	45.363	66.518
750	45.17	66.238
751	45.076	66.195
752	45.097	66.072
753	45.241	65.956
754	45.341	66.269
755	45.244	66.339
756	45.425	66.396
757	45.552	66.257
758	45.666	66.102
759	45.884	66.394
760	45.781	66.485
761	46.073	66.367
762	45.531	66.063
763	45.347	65.849
764	45.362	65.645
765	45.57	65.911
766	45.376	66.318
767	45.351	66.317
768	44.969	66.192
769	45.179	65.739
770	44.554	65.992
771	44.633	66.211
772	44.573	66.23
773	44.512	66.387
774	44.51	66.578
775	44.602	66.347
776	44.494	66.541
777	44.226	66.622
778	44.187	66.377
779	44.245	66.442
780	44.382	66.318
781	44.451	66.172
782	44.397	66.268
783	44.735	66.154
784	44.629	66.205
785	44.837	66.127
786	45.263	66.482
787	45.014	66.561
788	44.741	66.362
789	44.739	66.316
790	44.678	66.225
791	44.592	66.314
792	44.789	66.057
793	44.663	66.245
794	45.143	66.151
795	44.955	66.122
796	44.93	66.134
797	44.954	66.045
798	44.701	65.991
799	44.742	66.106
800	45.07	66.246
801	44.925	65.994
802	44.997	66.13
803	44.811	66.292
804	44.59	66.09
805	44.618	66.23
806	44.71	66.385
807	44.74	66.379
808	44.484	66.412
809	44.609	66.421
810	44.372	66.353
811	44.619	66.363
812	44.902	66.219
813	44.692	66.399
814	44.628	66.451
815	44.619	66.267
816	44.98	66.111
817	44.994	66.24
818	45.067	66.446
819	45.195	66.765
820	45.2	66.621
821	45.217	66.665
822	45.158	66.738
823	45.103	66.773
824	45.088	66.862
825	45.079	66.669
826	44.396	67.017
827	44.444	67.095
828	44.671	66.992
829	44.231	66.852
830	44.609	66.845
831	44.61	67.032
832	44.536	66.588
833	44.494	66.557
834	44.631	66.764
835	44.475	66.83
836	44.686	66.318
837	44.398	66.359
838	44.556	66.233
839	44.697	66.371
840	44.494	66.362
841	44.645	66.54
842	44.667	66.267
843	45.037	66.628
844	44.968	66.425
845	45.058	66.697
846	44.956	66.24
847	44.825	66.266
848	44.777	66.514
849	44.839	66.198
850	44.838	66.639
851	44.647	66.22
852	44.638	66.048
853	44.689	66.01
854	44.572	66.162
855	44.349	66.046
856	44.247	66.224
857	44.395	66.227
858	44.034	66.009
859	44.15	66.207
860	44.107	66.412
861	44.134	66.716
862	44.27	66.828
863	44.454	66.941
864	44.519	66.77
865	44.462	67.529
866	44.486	67.389
867	44.416	67.124
868	44.275	67.187
869	44.391	66.789
870	44.288	66.439
871	44.446	66.55
872	44.283	66.164
873	44.393	66.235
874	44.472	66.216
875	44.811	66.495
876	44.963	66.565
877	44.678	66.832
878	44.993	66.811
879	44.918	66.563
880	45.113	66.675
881	44.756	66.81
882	45.117	66.92
883	45.226	66.981
884	45.418	66.886
885	45.284	66.721
886	45.26	66.739
887	45.074	66.978
888	45.466	66.791
889	45.45	67.157
890	45.497	67.02
891	45.132	66.983
892	44.654	66.975
893	44.523	66.743
894	44.377	66.859
895	44.476	66.925
896	44.163	66.53
897	43.783	66.435
898	44.324	66.486
899	44.157	66.551
900	44.338	66.322
901	44.439	66.541
902	44.344	66.618
903	44.294	66.794
904	44.224	66.794
905	43.803	66.975
906	44.014	66.936
907	44.044	66.969
908	43.834	66.979
909	44.225	67.217
910	44.396	67.082
911	44.382	67.178
912	44.224	67.05
913	44.35	67.172
914	44.162	67.067
915	44.008	67.092
916	44.024	66.886
917	44.137	67.037
918	44.218	66.992
919	44.056	66.971
920	44.295	66.919
921	44.287	67.046
922	44.512	67.059
923	44.378	67.121
924	44.565	67.476
925	44.571	66.929
926	44.67	66.728
927	44.93	66.707
928	44.727	66.567
929	44.601	66.447
930	44.287	66.77
931	44.259	66.618
932	44.112	66.546
933	44.042	66.138
934	44.092	66.108
935	44.031	66.401
936	43.72	66.712
937	43.937	66.546
938	44.052	66.608
939	44.222	66.623
940	44.396	66.573
941	44.349	66.544
942	45.416	66.713
943	44.399	67.078
944	44.326	67.205
945	44.558	67.101
946	43.955	67.236
947	44.358	66.99
948	44.01	67.013
949	44.266	67.263
950	44.279	67.089
951	44.108	67.217
952	44.028	66.971
953	44.007	67.209
954	44.282	67.124
955	44.076	67.144
956	44.316	67.09
957	44.157	67.169
958	44.269	67.143
959	44.435	66.939
960	44.424	67.077
961	44.533	67.076
962	44.348	66.789
963	44.18	67.211
964	44.174	67.126
965	44.21	67.357
966	44.008	67.525
967	44.076	67.214
968	44.226	67.395
969	44.237	67.506
970	43.988	67.299
971	44.124	67.226
972	43.956	67.362
973	44.216	67.279
974	44.01	67.322
975	44.108	67.084
976	44.367	67.108
977	44.211	67.219
978	44.014	67.23
979	43.758	67.19
980	43.695	67.253
981	43.837	67.276
982	43.684	67.341
983	43.657	67.067
984	43.612	67.344
985	43.671	67.642
986	43.828	67.454
987	43.866	67.513
988	43.511	67.337
989	44.143	67.084
990	44.015	67.065
991	43.996	66.958
992	44.034	67.311
993	43.877	67.026
994	43.839	67.252
995	43.554	66.963
996	43.786	67.045
997	43.674	66.823
998	43.797	66.989
999	43.791	67.257
1000	43.844	67.178
1001	43.639	66.767
1002	43.625	67.072
1003	43.554	66.957
1004	43.398	66.584
1005	43.42	66.66
1006	43.429	67.161
1007	43.406	67.287
1008	43.488	67.185
1009	43.525	67.104
1010	43.351	67.125
1011	43.326	67.198
1012	43.513	67.233
1013	43.394	67.246
1014	43.346	67.466
1015	43.501	67.319
1016	43.365	67.336
1017	43.43	67.578
1018	43.547	67.572
1019	43.494	67.446
1020	43.337	67.343
1021	43.575	67.47
1022	43.376	67.474
1023	43.423	67.345
1024	43.37	67.2
1025	43.375	67.398
1026	43.258	67.347
1027	43.331	67.216
1028	43.328	67.606
1029	43.356	67.651
1030	43.401	67.668
1031	43.367	67.507
1032	43.461	67.257
1033	43.194	67.415
1034	43.323	67.147
1035	43.553	67.134
1036	43.521	66.999
1037	43.626	67.171
1038	44.166	66.92
1039	43.966	66.765
1040	44.223	67.15
1041	44.232	67.036
1042	44.296	66.945
1043	44.491	67.003
1044	44.381	66.938
1045	44.35	66.906
1046	44.224	66.902
1047	44.031	66.743
1048	44.304	66.669
1049	43.913	67.004
1050	43.673	66.986
1051	43.496	66.969
1052	43.398	66.905
1053	43.268	67.08
1054	43.316	66.923
1055	43.369	67.05
1056	43.263	67.214
1057	43.056	67.166
1058	42.905	67.232
1059	43.15	67.21
1060	43.158	66.991
1061	43.055	67.087
1062	42.963	66.763
1063	42.901	66.73
1064	43.096	66.755
1065	42.749	66.641
1066	43.014	66.671
1067	42.972	66.404
1068	43.073	66.673
1069	43.296	66.297
1070	43.443	66.462
1071	43.594	66.501
1072	43.389	66.317
1073	43.397	66.429
1074	43.233	66.137
1075	43.23	66.177
1076	43.376	66.417
1077	43.671	67.027
1078	43.312	67.084
1079	43.163	67.169
1080	43.154	67.191
1081	42.915	66.574
1082	43.045	66.722
1083	42.769	66.849
1084	43.101	66.858
1085	43.031	67.014
1086	43.345	66.958
1087	43.222	66.94
1088	43.011	66.914
1089	43.458	66.859
1090	43.323	66.745
1091	43.19	66.556
1092	43.242	66.604
1093	43.235	66.44
1094	43.063	66.455
1095	42.982	66.719
1096	42.709	66.733
1097	42.521	66.96
1098	42.426	66.907
1099	42.237	66.713
1100	42.361	67.106
1101	42.246	67.053
1102	42.226	67.036
1103	42.254	67.219
1104	42.21	67.164
1105	42.649	67.265
1106	42.606	67.369
1107	42.561	67.391
1108	42.579	67.49
1109	42.402	67.254
1110	42.484	67.245
1111	42.516	67.341
1112	42.534	67.259
1113	42.498	67.458
1114	42.307	67.597
1115	42.248	67.416
1116	42.557	67.428
1117	42.516	67.414
1118	42.552	67.338
1119	42.63	67.114
1120	42.776	67.301
1121	42.792	67.304
1122	42.988	67.22
1123	42.849	66.81
1124	42.941	66.975
1125	43.116	67.069
1126	42.716	67.191
1127	42.702	67.019
1128	43.055	67.079
1129	43.177	67.37
1130	43.275	67.134
1131	43.299	67.275
1132	43.035	67.409
1133	42.697	67.046
1134	42.921	67.142
1135	42.727	67.413
1136	42.786	67.063
1137	42.527	67.325
1138	42.622	67.006
1139	42.662	67.365
1140	42.601	67.398
1141	42.458	67.211
1142	42.689	67.223
1143	42.447	67.075
1144	42.591	67.039
1145	42.787	67.242
1146	42.515	67.108
1147	42.312	67.192
1148	42.478	67.365
1149	42.424	67.49
1150	42.541	67.61
1151	42.365	67.447
1152	42.351	67.641
1153	42.485	67.738
1154	42.292	67.735
1155	42.313	67.564
1156	42.335	67.639
1157	42.592	67.782
1158	42.388	67.954
1159	42.738	67.965
1160	42.371	67.934
1161	42.319	68.115
1162	42.275	67.874
1163	42.211	67.813
1164	42.27	67.639
1165	42.349	67.441
1166	42.493	67.439
1167	42.481	67.207
1168	42.466	66.975
1169	42.513	66.951
1170	42.694	67.277
1171	42.725	67.057
1172	43.121	67.08
1173	43.319	67.205
1174	43.18	67.578
1175	43.427	67.494
1176	42.996	67.776
1177	42.913	67.716
1178	42.798	67.488
1179	42.733	67.642
1180	42.775	67.498
1181	42.805	67.345
1182	42.595	67.316
1183	42.62	67.237
1184	42.404	67.067
1185	42.516	67.179
1186	42.262	67.401
1187	42.463	67.224
1188	42.293	67.466
1189	42.337	67.239
1190	42.279	67.34
1191	42.252	67.227
1192	42.29	67.516
1193	42.134	67.691
1194	42.225	68.052
1195	42.294	68.009
1196	42.433	68.15
1197	42.319	68.229
1198	42.607	68.226
1199	42.827	67.946
1200	42.583	68.196
1201	42.727	68.303
1202	42.989	68.344
1203	42.517	68.148
1204	42.371	68.061
1205	42.369	67.877
1206	42.511	67.984
1207	42.501	67.871
1208	42.374	67.712
1209	42.281	67.951
1210	42.255	68.005
1211	42.101	67.937
1212	42.223	67.942
1213	42.246	68.02
1214	42.238	67.75
1215	42.355	67.934
1216	42.358	67.853
1217	42.081	67.674
1218	42.294	67.765
1219	42.221	67.555
1220	42.141	67.789
1221	42.357	67.704
1222	42.138	67.686
1223	42.34	67.611
1224	42.233	67.457
1225	42.405	67.516
1226	42.233	67.447
1227	42.208	67.11
1228	41.973	67.247
1229	41.974	67.405
1230	42.013	67.255
1231	41.912	67.497
1232	41.743	67.377
1233	41.805	67.161
1234	42.022	67.305
1235	41.734	67.486
1236	41.977	67.575
1237	41.915	67.516
1238	41.922	67.418
1239	41.986	67.267
1240	42.766	67.624
1241	42.536	67.722
1242	42.442	67.652
1243	42.334	67.828
1244	42.443	67.588
1245	42.674	67.549
1246	42.613	67.545
1247	42.53	67.583
1248	42.49	67.657
1249	42.285	67.628
1250	42.079	67.729
1251	42.29	67.729
1252	42.281	67.72
1253	42.23	67.404
1254	42.107	67.581
1255	42.32	67.684
1256	42.293	67.608
1257	42.214	67.553
1258	42.339	67.592
1259	42.296	67.634
1260	42.303	67.495
1261	42.167	67.599
1262	42.179	67.71
1263	42.099	67.606
1264	42.124	67.592
1265	42.002	67.553
1266	41.851	67.762
1267	41.769	67.714
1268	41.382	67.566
1269	41.62	67.881
1270	41.76	68.028
1271	41.648	68.01
1272	41.441	68.093
1273	41.37	68.323
1274	41.555	68.659
1275	41.451	68.497
1276	41.289	68.354
1277	41.494	68.864
1278	41.705	68.797
1279	41.763	68.497
1280	41.661	68.731
1281	41.809	68.987
1282	41.651	68.636
1283	41.408	68.63
1284	41.464	68.659
1285	41.358	68.71
1286	41.471	68.961
1287	41.248	68.791
1288	41.401	68.777
1289	41.461	69.017
1290	41.486	68.566
1291	41.555	68.599
1292	41.751	68.653
1293	41.78	68.83
1294	42.001	68.696
1295	42.04	68.995
1296	41.945	69.04
1297	42.086	68.81
1298	41.928	68.476
1299	41.59	68.587
1300	41.824	68.63
1301	41.487	68.499
1302	41.625	68.716
1303	41.357	68.607
1304	41.254	68.611
1305	41.061	68.941
1306	41.156	69.092
1307	41.179	69.274
1308	41.185	69.222
1309	41.008	69.449
1310	41.079	69.677
1311	41.415	69.648
1312	41.589	69.624
1313	41.461	69.715
1314	41.227	69.63
1315	41.375	69.489
1316	41.927	69.533
1317	41.419	69.461
1318	41.268	69.235
1319	41.293	69.383
1320	41.635	69.46
1321	42.042	69.488
1322	42.439	69.45
1323	42.306	69.217
1324	42.529	69.588
1325	42.659	69.457
1326	42.213	69.305
1327	42.08	69.374
1328	42.197	68.984
1329	41.83	69.002
1330	42.117	68.848
1331	42.189	68.723
1332	42.055	68.777
1333	41.765	68.765
1334	42.004	68.758
1335	41.703	68.553
1336	41.659	68.644
1337	42.19	68.82
1338	42.158	68.966
1339	42.108	68.533
1340	42.081	68.558
1341	42.091	68.754
1342	41.95	68.981
1343	42.143	69.062
1344	42.269	68.974
1345	42.331	69.083
1346	42.515	69.083
1347	42.578	69.137
1348	42.342	69.513
1349	42.355	69.786
1350	42.196	70.053
1351	41.937	70.167
1352	42.299	70.268
1353	41.793	69.955
1354	41.863	70.276
1355	41.863	70.253
1356	41.659	70.086
1357	41.852	70.281
1358	41.64	70.423
1359	41.415	70.551
1360	41.044	70.485
1361	41.31	70.286
1362	41.163	70.148
1363	40.762	69.88
1364	40.747	70.165
1365	40.662	69.793
1366	40.948	69.844
1367	40.715	69.803
1368	40.893	69.716
1369	40.773	69.792
1370	40.783	69.569
1371	41.021	70.018
1372	40.927	69.387
1373	40.971	69.59
1374	41.341	69.72
1375	41.377	69.786
1376	40.76	69.591
1377	40.806	69.467
1378	40.672	69.591
1379	40.584	69.381
1380	40.751	69.288
1381	40.775	69.457
1382	40.943	69.523
1383	40.723	69.696
1384	40.889	69.846
1385	41.022	69.912
1386	41.017	69.838
1387	41.145	69.823
1388	40.905	69.861
1389	41	69.666
1390	41.056	69.698
1391	41.356	69.859
1392	41.503	69.752
1393	41.417	69.701
1394	41.459	69.77
1395	41.536	69.62
1396	41.696	69.893
1397	41.45	69.79
1398	41.315	70.101
1399	41.555	70.039
1400	41.407	70.077
1401	41.063	70.113
1402	41.044	69.545
1403	40.807	69.501
1404	41.14	69.371
1405	40.858	69.296
1406	40.49	69.263
1407	40.442	69.274
1408	40.516	69.472
1409	40.238	69.273
1410	40.268	69.34
1411	40.355	69.376
1412	40.367	69.441
1413	40.361	69.574
1414	40.392	69.637
1415	40.294	69.441
1416	40.096	69.38
1417	40.288	69.387
1418	40.253	69.397
1419	40.047	69.479
1420	40.343	69.412
1421	40.389	69.273
1422	40.262	69.004
1423	40.221	69.07
1424	40.377	68.969
1425	40.303	68.783
1426	40.165	68.677
1427	40.615	68.76
1428	40.532	68.553
1429	40.629	68.36
1430	40.213	68.378
1431	40.048	68.609
1432	40.44	68.708
1433	40.426	68.677
1434	40.435	68.927
1435	40.741	68.988
1436	40.784	68.992
1437	40.779	68.944
1438	40.543	68.829
1439	40.423	68.854
1440	40.499	68.96
1441	40.287	68.782
1442	40.25	69.098
1443	40.205	69.272
1444	40.218	69.258
1445	39.967	69.024
1446	39.539	69.158
1447	39.622	69.353
1448	39.773	69.331
1449	39.795	69.31
1450	39.959	69.456
1451	40.009	69.386
1452	40.069	69.545
1453	39.679	69.17
1454	39.918	69.064
1455	39.942	69.192
1456	40.128	69.378
1457	39.913	69.185
1458	40.026	69.21
1459	39.944	69.511
1460	39.915	69.436
1461	40.213	69.676
1462	40.234	69.555
1463	40.369	69.712
1464	40.355	69.575
1465	40.354	69.525
1466	40.494	69.377
1467	40.259	69.365
1468	40.078	69.433
1469	40.147	69.372
1470	40.434	69.47
1471	40.355	68.913
1472	40.372	68.902
1473	40.489	69.271
1474	40.193	69.245
1475	40.549	69.491
1476	40.73	69.778
1477	40.591	69.629
1478	40.708	69.376
1479	40.486	69.405
1480	40.353	69.263
1481	40.236	69.118
1482	40.311	69.21
1483	40.841	69.341
1484	40.937	69.07
1485	40.557	68.807
1486	40.698	68.529
1487	40.832	68.745
1488	40.808	68.508
1489	40.859	68.281
1490	41.109	68.56
1491	41.317	68.657
1492	41.047	68.672
1493	41.339	68.655
1494	40.865	68.677
1495	40.854	68.862
1496	41.087	68.704
1497	40.948	68.622
1498	40.714	68.825
1499	40.67	68.858
1500	40.449	68.614
1501	40.495	68.958
1502	40.44	68.542
1503	40.362	68.783
1504	40.164	68.778
1505	40.289	69.034
1506	40.258	68.956
1507	40.376	69.136
1508	40.642	69.203
1509	40.775	69.041
1510	40.836	68.988
1511	41.015	68.67
1512	40.977	68.691
1513	40.817	68.441
1514	41.058	68.161
1515	41.091	68.144
1516	41.317	68.063
1517	41.383	68.004
1518	41.354	67.826
1519	41.572	67.982
1520	41.619	67.794
1521	41.395	67.769
1522	41.773	67.496
1523	41.695	67.65
1524	41.597	67.625
1525	41.623	67.582
1526	41.464	67.26
1527	41.426	67.185
1528	41.241	67.364
1529	41.029	67.178
1530	41.109	67.026
1531	41.031	66.958
1532	41.284	66.904
1533	41.234	66.973
1534	41.13	66.88
1535	41.203	66.933
1536	41.037	66.934
1537	40.8	67.021
1538	41.133	66.69
1539	41.366	66.692
1540	41.282	66.724
1541	41.303	66.812
1542	41.345	66.708
1543	41.409	66.421
1544	41.276	66.387
1545	41.179	66.37
1546	40.972	66.079
1547	40.849	66.062
1548	40.786	66.212
1549	41.05	66.104
1550	40.761	66.174
1551	40.538	66.078
1552	40.271	65.936
1553	40.43	65.806
1554	40.158	65.889
1555	40.314	66.042
1556	40.251	65.789
1557	40.055	65.714
1558	39.93	65.563
1559	39.954	65.584
1560	40.001	65.081
1561	40.081	64.88
1562	40.096	64.691
1563	39.935	64.93
1564	39.906	64.775
1565	40.096	64.935
1566	40.211	64.725
1567	40.133	64.663
1568	40.192	64.517
1569	40.071	64.443
1570	40.042	64.307
1571	40.038	64.147
1572	39.902	64.082
1573	39.906	64.272
1574	39.547	64.293
1575	39.719	64.378
1576	39.2	64.497
1577	39.429	64.307
1578	39.577	64.308
1579	39.687	64.78
1580	39.701	64.725
1581	40.067	64.714
1582	40.089	64.626
1583	40.135	64.486
1584	40.374	64.496
1585	40.312	64.535
1586	40.506	64.6
1587	40.387	64.754
1588	40.31	64.739
1589	40.323	64.485
1590	40.655	64.622
1591	40.644	64.409
1592	40.529	65.025
1593	40.618	64.918
1594	40.51	64.955
1595	40.74	65.082
1596	40.641	64.904
1597	40.51	64.705
1598	40.426	64.753
1599	40.412	64.701
1600	40.5	64.782
1601	40.481	64.905
1602	40.428	64.696
1603	40.717	65.003
1604	40.827	65.053
1605	40.969	65.009
1606	41.062	64.817
1607	41.362	64.988
1608	41.663	65.008
1609	41.763	65.402
1610	41.943	65.508
1611	42.137	65.495
1612	42.311	65.392
1613	42.405	65.44
1614	42.483	65.429
1615	42.487	65.564
1616	42.309	65.475
1617	41.985	65.143
1618	41.817	65.1
1619	41.839	65.275
1620	41.431	64.81
1621	41.259	64.775
1622	41.049	64.499
1623	41.168	64.57
1624	41.015	64.555
1625	40.794	64.568
1626	40.529	64.571
1627	40.735	64.554
1628	40.628	64.744
1629	40.578	64.786
1630	40.495	64.819
1631	40.765	64.913
1632	40.794	64.663
1633	40.638	64.834
1634	40.719	64.956
1635	40.362	64.845
1636	40.374	65.216
1637	40.41	65.052
1638	40.512	65.199
1639	40.262	65.308
1640	40.434	65.055
1641	40.549	65.423
1642	40.355	65.559
1643	40.245	65.687
1644	40.152	65.413
1645	40.376	65.658
1646	40.113	65.805
1647	40.098	65.672
1648	40.05	65.507
1649	39.934	65.942
1650	40.013	65.973
1651	39.948	65.766
1652	39.973	65.708
1653	40.022	65.36
1654	40.071	65.366
1655	40.016	65.351
1656	40.021	65.308
1657	40.057	65.66
1658	39.915	65.821
1659	39.833	65.516
1660	39.786	65.143
1661	40.007	65.183
1662	39.725	65.424
1663	39.988	65.149
1664	39.568	65.221
1665	39.43	65.371
1666	39.434	65.514
1667	39.439	65.505
1668	39.115	65.355
1669	39.196	65.32
1670	39.208	65.527
1671	39.023	65.571
1672	38.912	65.224
1673	38.558	65.051
1674	38.839	65.115
1675	39.081	64.591
1676	38.776	64.671
1677	38.795	64.655
1678	38.911	64.422
1679	39.093	64.678
1680	39.179	65.144
1681	39.308	65.081
1682	39.24	65.105
1683	39.41	65.366
1684	39.663	65.518
1685	39.867	65.527
1686	40.103	65.734
1687	40.276	66.009
1688	40.654	66.147
1689	40.63	66.186
1690	40.811	66.423
1691	41.004	66.505
1692	41.101	66.479
1693	41.479	66.549
1694	41.484	66.693
1695	41.7	66.644
1696	41.771	66.668
1697	41.586	66.693
1698	41.695	66.595
1699	41.701	66.665
1700	41.401	66.609
1701	41.375	66.603
1702	41.377	66.925
1703	41.151	66.681
1704	41.098	67.014
1705	41.3	67.012
1706	41.218	67.259
1707	41.416	67.319
1708	41.569	67.574
1709	41.474	67.606
1710	41.584	67.481
1711	41.983	67.361
1712	42.063	67.206
1713	42.091	67.298
1714	42.089	67.071
1715	41.687	67.045
1716	41.41	67.011
1717	41.288	67.066
1718	41.306	66.837
1719	41.13	66.968
1720	40.954	66.956
1721	40.707	67.146
1722	40.478	66.715
1723	40.526	67.049
1724	40.223	67.102
1725	40.378	67.347
1726	40.127	67.65
1727	39.715	67.71
1728	39.575	68.044
1729	39.355	68.175
1730	39.029	68.278
1731	39.03	68.324
1732	38.572	68.501
1733	38.629	68.617
1734	38.229	68.47
1735	38.201	68.604
1736	38.291	68.638
1737	38.256	68.679
1738	37.976	68.629
1739	38.169	68.748
1740	38.029	68.585
1741	38.061	68.542
1742	38.399	68.617
1743	38.172	68.533
1744	38.086	68.323
1745	38.173	68.185
1746	38.205	68.242
1747	38.099	68.026
1748	38.111	68.011
1749	38.05	67.954
1750	37.986	68.019
1751	38.208	68.318
1752	38.074	68.438
1753	38.146	68.542
1754	38.053	68.565
1755	38.034	68.357
1756	38.173	68.342
1757	37.98	68.33
1758	38.131	68.407
1759	37.993	68.241
1760	38.196	68.475
1761	37.965	68.299
1762	37.99	68.069
1763	37.847	68.323
1764	37.604	68.576
1765	37.591	68.748
1766	37.518	68.74
1767	37.411	68.914
1768	37.419	69.052
1769	37.44	69.153
1770	37.539	69.14
1771	37.641	69.104
1772	37.547	69.075
1773	37.474	69.062
1774	37.583	68.924
1775	37.705	69.032
1776	37.796	69.001
1777	37.809	68.988
1778	37.843	68.961
1779	38.004	69.109
1780	37.872	68.901
1781	37.944	68.861
1782	38.195	69.065
1783	38.204	69.116
1784	38.377	69.04
1785	38.361	68.801
1786	38.494	68.942
1787	38.55	68.908
1788	38.618	68.839
1789	38.475	68.974
1790	38.553	68.86
1791	38.523	68.744
1792	38.513	68.839
1793	38.329	68.812
1794	38.297	68.652
1795	38.056	68.908
1796	38.305	68.884
1797	38.221	68.701
1798	38.396	68.673
1799	38.544	68.397
1800	38.296	68.439
1801	38.365	68.487
1802	38.441	68.525
1803	38.525	68.44
1804	38.62	68.671
1805	38.466	68.525
1806	38.49	68.156
1807	38.483	68.363
1808	38.586	68.412
1809	38.586	68.64
1810	38.642	69.138
1811	38.444	69.011
1812	38.513	69.531
1813	38.237	70.156
1814	38.468	70.111
1815	38.609	70.249
1816	38.725	70.65
1817	38.653	70.718
1818	38.484	70.865
1819	38.626	70.938
1820	38.603	71.34
1821	38.767	71.808
1822	38.924	71.71
1823	38.742	71.453
1824	38.603	71.454
1825	38.277	71.614
1826	38.474	71.515
1827	38.624	71.401
1828	38.445	71.509
1829	38.202	71.528
1830	38.195	71.451
1831	38.203	71.092
1832	38.147	70.938
1833	38.489	70.886
1834	38.467	70.771
1835	38.463	70.529
1836	38.412	70.619
1837	38.398	70.611
1838	37.796	70.402
1839	37.974	70.732
1840	38.197	70.74
1841	38.07	70.789
1842	38.043	71.109
1843	38.218	71.202
1844	38.103	71.186
1845	38.294	71.215
1846	38.416	71.17
1847	38.666	71.148
1848	38.787	70.994
1849	39.13	71.313
1850	39.378	71.307
1851	39.934	71.36
1852	39.977	71.168
1853	40.156	71.516
1854	40.273	70.997
1855	40.348	71.521
1856	40.472	71.713
1857	40.605	71.869
1858	40.417	71.606
1859	40.368	71.552
1860	40.157	71.477
1861	39.98	71.287
1862	39.923	71.223
1863	39.92	71.023
1864	39.97	71.215
1865	40.028	70.907
1866	39.919	70.671
1867	39.986	70.468
1868	39.915	70.64
1869	39.787	70.604
1870	39.548	70.557
1871	39.387	70.662
1872	39.712	70.806
1873	39.87	71.163
1874	39.837	71.068
1875	39.784	71.168
1876	39.864	71.405
1877	39.799	71.305
1878	40.063	71.615
1879	40.299	71.73
1880	40.773	71.98
1881	40.971	72.271
1882	40.989	72.321
1883	41.281	72.642
1884	41.249	72.698
1885	41.585	73.11
1886	41.506	73.129
1887	41.625	73.181
1888	41.444	72.999
1889	41.498	72.96
1890	41.26	73.079
1891	41.222	73.334
1892	41.31	73.424
1893	41.302	73.414
1894	41.318	73.25
1895	41.337	73.397
1896	41.349	73.243
1897	41.442	73.103
1898	41.403	73.094
1899	41.52	73.184
1900	41.63	73.162
1901	41.948	72.934
1902	41.904	72.762
1903	41.745	72.458
1904	41.784	72.352
1905	41.744	72.226
1906	41.472	72.438
1907	41.431	72.432
1908	41.583	72.375
1909	41.19	72.413
1910	41.074	72.344
1911	40.823	72.485
1912	40.832	73.025
1913	40.857	72.907
1914	40.939	73.253
1915	40.974	73.275
1916	40.969	73.304
1917	41.046	73.374
1918	41.099	73.485
1919	40.877	73.701
1920	40.836	73.42
1921	40.904	73.347
1922	40.862	72.993
1923	40.696	72.979
1924	40.649	72.958
1925	40.591	73.068
1926	40.467	73.109
1927	40.386	73.371
1928	40.363	73.488
1929	40.218	74.011
1930	40.453	74.299
1931	40.237	74.285
1932	40.255	74.655
1933	40.239	74.576
1934	40.259	74.841
1935	40.299	75.283
1936	40.297	75.212
1937	40.173	75.194
1938	40.126	75.296
1939	40.007	75.004
1940	40.044	75.162
1941	39.987	75.184
1942	39.758	75.104
1943	39.724	75.091
1944	39.579	74.944
1945	39.429	74.921
1946	39.4	74.927
1947	39.497	74.91
1948	39.654	74.84
1949	39.463	74.913
1950	39.544	74.964
1951	39.5	74.916
1952	39.512	74.856
1953	39.606	74.869
1954	39.602	74.805
1955	39.705	74.882
1956	39.589	74.842
1957	39.602	74.781
1958	39.618	74.853
1959	39.72	74.904
1960	39.728	74.745
1961	39.941	74.726
1962	40.057	74.709
1963	40.131	74.77
1964	40.125	74.636
1965	40.124	74.691
1966	40.005	74.543
1967	39.885	74.558
1968	40.008	74.452
1969	40.244	74.672
1970	40.23	74.882
1971	40.086	74.642
1972	39.831	74.529
1973	39.764	74.714
1974	39.752	74.645
1975	39.735	74.589
1976	39.973	74.607
1977	39.808	74.537
1978	39.743	74.363
1979	39.804	74.55
1980	39.691	74.536
1981	39.912	74.547
1982	40.045	74.708
1983	40.252	74.918
1984	40.384	75.084
1985	40.371	75.176
1986	40.596	75.377
1987	40.677	75.623
1988	40.877	75.794
1989	41.193	75.904
1990	41.436	76.041
1991	41.716	76.108
1992	42.037	76.204
1993	42.172	76.235
1994	42.034	76.202
1995	41.83	76.15
1996	41.574	76.127
1997	41.884	76.029
1998	41.586	75.951
1999	41.308	75.957
2000	40.748	75.967
2001	40.426	75.745
2002	40.016	75.671
2003	39.807	75.573
2004	39.617	75.595
2005	39.474	75.59
2006	39.229	75.57
2007	39.039	75.545
2008	38.921	75.351
2009	38.626	75.171
2010	38.847	75.362
2011	39.047	75.451
2012	38.986	75.057
2013	38.771	75.228
2014	38.652	75.085
2015	38.884	75.408
2016	39.068	75.402
2017	39.199	75.222
2018	39.248	75.051
2019	39.381	75.169
2020	39.393	74.993
2021	39.37	75.03
2022	39.31	74.734
2023	39.243	74.729
2024	39.602	74.796
2025	39.562	74.709
2026	39.514	74.404
2027	39.296	74.273
2028	39.394	74.564
2029	39.249	74.182
2030	39.322	74.243
2031	39.41	74.391
2032	39.385	74.271
2033	39.308	74.504
2034	39.253	74.366
2035	39.043	74.274
2036	39.029	74.189
2037	39.101	74.276
2038	39.115	74.309
2039	39.264	74.526
2040	39.31	74.458
2041	39.287	74.5
2042	38.979	74.632
2043	39.108	74.452
2044	38.83	74.494
2045	38.947	74.471
2046	38.853	74.29
2047	38.802	74.415
2048	38.86	74.597
2049	38.739	74.375
2050	38.664	74.047
2051	38.569	73.789
2052	38.591	73.69
2053	38.374	73.897
2054	38.423	73.618
2055	38.293	73.647
2056	38.413	73.728
2057	38.141	73.763
2058	38.134	73.865
2059	38.051	74.121
2060	37.684	74.375
2061	37.504	74.88
2062	37.583	75.046
2063	37.697	75.196
2064	37.879	75.389
2065	38.307	75.545
2066	38.248	75.786
2067	38.448	75.92
2068	38.585	76.085
2069	38.726	76.171
2070	38.831	76.324
2071	39.109	76.459
2072	39.112	76.608
2073	39.126	76.664
2074	38.955	76.48
2075	39.093	76.407
2076	39.11	76.398
2077	39.072	76.105
2078	39.339	76.46
2079	39.352	76.368
2080	39.48	76.738
2081	39.522	76.503
2082	39.443	76.447
2083	39.608	76.49
2084	39.664	76.577
2085	39.635	76.691
2086	39.336	76.776
2087	39.362	77.236
2088	39.191	77.191
2089	39.197	77.251
2090	39.16	77.164
2091	39.259	77.586
2092	39.288	77.568
2093	38.966	77.572
2094	39.122	77.698
2095	39.317	77.711
2096	39.305	77.655
2097	39.213	77.402
2098	39.722	77.867
2099	39.758	77.601
2100	39.811	77.824
2101	40.313	76.921
2102	40.756	77.257
2103	40.893	77.266
2104	41.295	77.409
2105	41.229	77.493
2106	41.607	77.42
2107	41.7	77.536
2108	41.336	77.665
2109	41.632	77.606
2110	41.576	77.515
2111	41.676	77.708
2112	41.257	77.656
2113	41.327	77.838
2114	41.301	77.725
2115	41.25	78.091
2116	41.182	78.165
2117	41.014	78.319
2118	40.874	78.319
2119	40.626	78.271
2120	40.827	78.606
2121	40.497	78.703
2122	40.668	78.78
2123	40.687	79.072
2124	40.649	79.006
2125	40.802	79.102
2126	40.785	79.125
2127	40.332	79.124
2128	40.225	79.206
2129	40.127	79.687
2130	40.085	79.799
2131	40.149	79.726
2132	40.057	80.132
2133	39.849	80.356
2134	39.572	80.303
2135	39.549	80.516
2136	39.646	80.828
2137	39.689	80.647
2138	39.651	80.725
2139	39.763	80.566
2140	39.706	80.506
2141	39.638	80.679
2142	39.662	80.664
2143	39.844	80.664
2144	40.107	80.509
2145	40.152	80.487
2146	39.961	80.347
2147	39.967	80.29
2148	40.115	80.11
2149	40.046	79.967
2150	40.226	80.004
2151	40.196	79.633
2152	40.309	79.553
2153	40.476	79.657
2154	40.484	79.552
2155	40.72	79.942
2156	40.687	79.98
2157	40.583	79.978
2158	40.556	80.03
2159	40.684	80.214
2160	40.519	80.126
2161	40.456	80.082
2162	40.756	80.102
2163	40.312	79.785
2164	40.64	80.356
2165	40.349	80.075
2166	40.355	80.192
2167	40.358	80.101
2168	40.226	80.086
2169	40.162	80.298
2170	40.385	80.204
2171	40.519	80.265
2172	40.458	80.758
2173	40.299	80.742
2174	40.343	80.636
2175	40.214	80.501
2176	40.237	80.664
2177	40.121	80.51
2178	40.273	80.619
2179	40.23	80.756
2180	40.124	80.665
2181	39.946	80.42
2182	40.072	80.372
2183	40.045	80.408
2184	39.991	80.165
2185	40.195	80.487
2186	39.963	80.224
2187	39.976	80.344
2188	39.935	80.413
2189	39.97	80.132
2190	39.947	80.135
2191	40.22	80.181
2192	40.33	80.199
2193	40.469	80.162
2194	40.504	80.337
2195	40.42	80.107
2196	40.352	80.057
2197	40.612	80.322
2198	40.326	80.264
2199	40.299	80.266
2200	40.159	80.23
2201	40.045	80.495
2202	39.915	80.531
2203	39.972	80.364
2204	40.011	80.338
2205	39.837	80.313
2206	39.841	80.599
2207	39.735	80.271
2208	39.833	80.339
2209	39.873	80.372
2210	39.642	80.615
2211	39.764	80.61
2212	39.568	80.559
2213	39.344	80.572
2214	39.288	80.374
2215	39.353	80.712
2216	39.52	80.683
2217	39.506	80.675
2218	39.351	80.564
2219	39.31	80.588
2220	39.563	80.634
2221	39.359	80.78
2222	39.433	80.795
2223	39.548	80.859
2224	39.647	81.117
2225	39.505	80.722
2226	39.327	80.868
2227	39.534	80.95
2228	39.687	80.838
2229	39.437	81.091
2230	39.387	81.188
2231	39.376	80.991
2232	39.518	80.88
2233	39.521	80.97
2234	39.6	81.004
2235	39.754	80.989
2236	39.807	80.877
2237	39.836	80.824
2238	39.929	80.632
2239	40.108	80.883
2240	40.153	80.896
2241	39.873	81.027
2242	40.003	80.789
2243	39.771	80.896
2244	39.891	81.01
2245	39.92	81.011
2246	39.789	81.12
2247	39.81	81.539
2248	39.935	81.421
2249	39.714	81.322
2250	39.952	81.42
2251	39.834	81.227
2252	39.926	81.351
2253	39.976	81.457
2254	39.985	81.328
2255	39.827	81.369
2256	39.827	81.037
2257	39.815	80.964
2258	39.737	80.475
2259	39.762	80.57
2260	39.781	80.575
2261	39.918	80.752
2262	39.729	80.754
2263	39.664	80.522
2264	39.839	80.411
2265	39.833	80.507
2266	39.858	80.596
2267	39.76	80.622
2268	39.719	80.536
2269	39.849	80.548
2270	39.841	80.735
2271	39.85	80.636
2272	39.78	80.505
2273	39.818	80.928
2274	39.682	80.933
2275	39.649	80.592
2276	39.948	80.734
2277	40.068	80.984
2278	39.955	80.762
2279	39.852	80.827
2280	39.868	80.681
2281	39.778	80.143
2282	39.881	80.089
2283	39.913	80.072
2284	39.846	79.788
2285	40.087	79.971
2286	39.727	79.559
2287	39.626	79.622
2288	39.542	79.577
2289	39.662	79.574
2290	39.69	79.637
2291	39.829	80.089
2292	39.918	79.982
2293	39.936	80.178
2294	39.865	80.279
2295	39.88	80.499
2296	39.809	80.484
2297	40.036	80.642
2298	39.735	80.838
2299	39.754	80.984
2300	40	81.02
2301	39.745	80.597
2302	39.822	80.706
2303	40.171	81.078
2304	39.814	80.819
2305	39.674	80.834
2306	39.672	80.749
2307	39.579	80.572
2308	39.587	80.665
2309	39.395	81.146
2310	39.142	80.761
2311	39.148	81.016
2312	38.992	80.949
2313	38.735	80.734
2314	38.807	81.008
2315	38.701	81.022
2316	38.912	81.285
2317	38.7	80.951
2318	38.664	81.002
2319	38.688	80.966
2320	38.738	80.922
2321	38.67	81.014
2322	38.679	81.351
2323	38.81	81.246
2324	38.88	81.113
2325	38.978	81.007
2326	38.828	81.003
2327	39.254	81.3
2328	39.235	81.436
2329	39.163	81.202
2330	39.282	81.476
2331	39.698	81.354
2332	39.913	81.165
2333	39.946	81.18
2334	39.998	81.536
2335	40.082	81.491
2336	40.238	81.494
2337	40.086	81.492
2338	39.949	81.606
2339	39.916	81.691
2340	39.664	81.531
2341	39.831	81.615
2342	39.384	81.619
2343	39.033	81.456
2344	39.153	81.473
2345	39.008	81.52
2346	38.889	81.44
2347	38.809	81.343
2348	38.743	81.014
2349	38.704	80.828
2350	39.018	81.072
2351	38.929	80.972
2352	38.898	80.763
2353	38.976	80.891
2354	39.057	80.626
2355	38.837	80.294
2356	38.968	80.603
2357	38.642	80.54
2358	38.879	80.536
2359	38.757	80.427
2360	38.717	80.448
2361	38.703	80.461
2362	38.737	80.307
2363	39.002	80.466
2364	38.56	80.561
2365	38.601	80.507
2366	38.501	80.389
2367	38.68	80.022
2368	38.576	79.688
2369	38.66	80.041
2370	38.589	79.848
2371	38.717	80.197
2372	38.686	79.977
2373	38.648	79.78
2374	39.031	79.791
2375	39.144	79.938
2376	39.184	80.123
2377	39.386	80.29
2378	39.315	80.23
2379	39.267	80.089
2380	39.215	79.867
2381	39.222	79.752
2382	39.48	80.174
2383	39.608	80.241
2384	39.686	80.66
2385	39.654	80.537
2386	39.883	80.334
2387	39.869	80.134
2388	39.886	80.491
2389	39.983	80.493
2390	40.001	80.554
2391	39.891	80.492
2392	39.673	81.002
2393	39.717	81.04
2394	39.555	81.017
2395	39.492	80.96
2396	39.66	81.078
2397	39.563	81.131
2398	39.468	81.316
2399	39.187	81.086
2400	39.264	81.131
2401	39.301	81.146
2402	39.369	81.243
2403	39.315	81.251
2404	39.221	81.326
2405	39.238	81.208
2406	39.268	81.064
2407	39.326	81.2
2408	39.298	81.153
2409	39.054	81.384
2410	38.988	81.311
2411	39.007	81.078
2412	39.048	81.115
2413	39.069	81.01
2414	39.156	81.028
2415	38.98	80.908
2416	39.192	80.605
2417	39.368	80.838
2418	39.4	80.823
2419	39.323	80.607
2420	39.198	80.618
2421	39.297	80.812
2422	39.267	80.652
2423	39.256	80.582
2424	39.147	80.669
2425	39.337	80.601
2426	39.378	80.47
2427	39.165	80.349
2428	39.294	80.399
2429	39.347	80.489
2430	40.074	81.401
2431	40.15	81.308
2432	40.117	81.08
2433	40.43	81.308
2434	40.196	81.43
2435	40.137	81.312
2436	40.159	81.161
2437	39.946	81.038
2438	39.824	81.067
2439	39.903	81.076
2440	39.853	81.055
2441	39.764	81.495
2442	39.67	81.307
2443	39.724	81.486
2444	39.528	81.603
2445	39.681	81.802
2446	39.548	81.783
2447	39.796	81.692
2448	39.608	81.801
2449	39.455	81.657
2450	39.488	81.591
2451	39.517	81.659
2452	39.518	81.525
2453	39.465	81.376
2454	39.311	81.786
2455	39.405	81.572
2456	39.479	81.674
2457	39.511	81.687
2458	39.671	81.726
2459	39.612	81.621
2460	39.63	81.451
2461	39.7	81.383
2462	39.6	81.52
2463	39.712	81.299
2464	39.617	81.267
2465	39.385	81.04
2466	39.526	81.18
2467	39.455	81.077
2468	39.563	81.05
2469	39.561	81.069
2470	39.433	81.337
2471	39.573	81.217
2472	39.582	81.231
2473	39.647	81.393
2474	39.634	81.414
2475	39.614	81.636
2476	39.517	81.559
2477	39.419	81.454
2478	39.463	81.509
2479	39.502	81.551
2480	39.554	81.627
2481	39.592	81.373
2482	39.55	81.449
2483	39.487	81.54
2484	39.564	81.341
2485	39.624	81.441
2486	39.485	81.312
2487	39.713	81.48
2488	39.648	81.586
2489	39.584	81.633
2490	39.528	81.735
2491	39.521	81.79
2492	39.381	81.827
2493	39.617	81.726
2494	39.789	81.906
2495	39.704	81.772
2496	39.559	81.802
2497	39.657	81.836
2498	39.682	81.535
2499	39.88	81.633
2500	39.749	81.695
2501	39.57	81.568
2502	39.412	81.618
2503	39.513	81.52
2504	39.301	81.653
2505	39.38	81.498
2506	39.42	81.775
2507	39.112	81.77
2508	39.004	81.66
2509	39.093	81.972
2510	39.393	81.902
2511	39.201	81.783
2512	39.025	81.79
2513	39.16	81.976
2514	39.243	82.105
2515	39.168	82.009
2516	39.174	81.98
2517	39.566	82.002
2518	39.452	81.922
2519	39.417	82.011
2520	39.431	82.051
2521	39.61	82.079
2522	39.477	82.177
2523	39.436	82.033
2524	39.343	81.975
2525	39.325	82.122
2526	39.598	81.919
2527	39.431	82.022
2528	39.383	81.993
2529	39.642	81.7
2530	39.452	81.698
2531	39.626	81.604
2532	39.739	81.462
2533	39.756	81.264
2534	39.807	81.379
2535	39.759	81.316
2536	39.733	81.367
2537	39.801	81.327
2538	39.646	81.361
2539	39.778	81.393
2540	39.654	81.353
2541	39.555	81.591
2542	39.573	81.691
2543	39.78	81.741
2544	39.506	81.685
2545	39.642	81.8
2546	39.653	81.796
2547	39.412	81.857
2548	39.353	81.677
2549	39.213	81.912
2550	39.211	81.722
2551	39.305	81.667
2552	39.141	81.576
2553	39.258	81.404
2554	39.225	81.516
2555	39.221	81.513
2556	39.123	81.601
2557	39.226	81.672
2558	39.06	81.739
2559	39.364	81.552
2560	39.214	81.701
2561	39.355	81.532
2562	39.276	81.561
2563	39.113	81.404
2564	39.494	81.279
2565	39.499	81.366
2566	39.522	81.516
2567	39.448	81.265
2568	39.508	81.141
2569	39.374	81.432
2570	39.323	81.593
2571	39.062	81.64
2572	39.036	81.641
2573	39.161	81.814
2574	38.97	81.573
2575	38.774	81.423
2576	38.728	81.255
2577	38.638	81.096
2578	38.82	81.224
2579	38.776	81.026
2580	38.712	81.12
2581	38.582	81.062
2582	38.745	80.913
2583	38.765	81.254
2584	38.916	81.338
2585	38.789	81.262
2586	38.73	81.618
2587	38.615	81.634
2588	38.643	82.064
2589	38.598	82.059
2590	38.773	82.426
2591	38.635	82.22
2592	38.742	82.225
2593	38.693	82.164
2594	38.55	82.266
2595	38.58	82.333
2596	38.434	82.287
2597	38.622	82.378
2598	38.694	82.379
2599	38.696	82.566
2600	38.501	82.652
2601	38.205	82.644
2602	37.82	82.931
2603	37.473	83.122
2604	37.197	83.159
2605	36.977	83.373
2606	36.662	83.328
2607	36.052	83.355
2608	35.577	83.348
2609	35.581	83.107
2610	35.637	83.322
2611	35.527	83.308
2612	35.874	83.765
2613	35.86	83.688
2614	35.97	83.573
2615	36.14	83.567
2616	36.132	83.389
2617	36.12	83.504
2618	35.98	83.486
2619	35.823	83.306
2620	35.923	83.405
2621	35.602	83.223
2622	35.573	83.211
2623	35.586	82.909
2624	35.149	82.993
2625	35.178	83.044
2626	34.82	82.851
2627	34.813	82.479
2628	34.53	82.484
2629	34.251	82.42
2630	34.173	82.466
2631	33.915	82.357
2632	33.572	82.439
2633	33.471	82.513
2634	33.409	82.428
2635	33.517	82.658
2636	33.42	82.858
2637	33.321	82.748
2638	33.055	82.989
2639	33.085	83.107
2640	33.17	82.972
2641	33.084	83.027
2642	33.16	82.902
2643	33.215	83.184
2644	33.681	83.141
2645	34.113	83.414
2646	34.766	82.983
2647	35.222	83.302
2648	35.202	83.062
2649	35.233	82.612
2650	35.364	82.234
2651	35.47	81.491
2652	35.345	80.921
2653	35.31	80.321
2654	35.239	80.054
2655	34.95	79.938
2656	35.021	79.782
2657	34.946	79.96
2658	34.915	79.998
2659	34.776	80.165
2660	34.891	80.046
2661	34.818	80.396
2662	34.824	80.418
2663	34.868	80.119
2664	34.846	79.827
2665	34.793	79.629
2666	34.937	79.329
2667	35.177	78.817
2668	35.073	78.852
2669	35.289	78.584
2670	35.196	78.188
2671	35.131	78.198
2672	35.273	78.141
2673	35.23	78.157
2674	35.08	77.834
2675	35.08	77.833
2676	34.88	77.909
2677	34.72	78.061
2678	34.556	78.077
2679	34.298	78.143
2680	34.446	78.26
2681	34.346	77.921
2682	34.824	78.422
2683	34.814	78.223
2684	34.999	78.36
2685	35.039	78.379
2686	35.033	78.179
2687	35.282	78.004
2688	35.296	78.304
2689	35.446	78.252
2690	35.484	78.15
2691	35.358	78.437
2692	35.258	78.384
2693	35.418	78.546
2694	35.414	78.689
2695	35.497	78.694
2696	35.559	78.74
2697	35.516	78.997
2698	35.797	78.962
2699	35.659	79.021
2700	35.439	79.099
2701	35.209	79.161
2702	34.995	79.423
2703	34.941	79.44
2704	34.7	79.311
2705	34.703	79.317
2706	34.486	79.291
2707	34.508	79.183
2708	34.227	79.23
2709	34.315	79.126
2710	34.368	79.168
2711	34.27	78.77
2712	34.199	78.906
2713	34.252	78.752
2714	34.423	78.776
2715	34.255	79.039
2716	34.595	79.139
2717	34.598	79.048
2718	34.674	78.758
2719	34.687	79.034
2720	34.687	79.168
2721	34.519	79.146
2722	34.853	79.132
2723	34.863	79.114
2724	34.955	79.072
2725	34.924	79.145
2726	34.849	79.064
2727	34.762	79.271
2728	34.44	78.873
2729	34.749	78.939
2730	34.43	78.918
2731	34.24	79.074
2732	34.302	78.884
2733	34.313	78.84
2734	34.311	78.722
2735	34.067	78.518
2736	34.061	78.54
2737	33.801	77.914
2738	33.814	78.068
2739	33.741	78.026
2740	33.589	77.737
2741	33.261	77.395
2742	33.313	77.495
2743	33.431	77.338
2744	33.581	77.301
2745	33.752	77.2
2746	33.711	77.184
2747	33.481	77.432
2748	33.667	77.478
2749	33.706	77.725
2750	34.038	77.929
2751	34.158	78.4
2752	34.123	78.371
2753	33.7	78.765
2754	33.607	78.966
2755	33.365	78.71
2756	33.221	78.347
2757	33.131	78.249
2758	33.019	77.762
2759	33.111	78.056
2760	33.328	77.409
2761	33.415	77.269
2762	33.366	77.246
2763	33.52	77.289
2764	33.759	76.587
2765	34.172	76.077
2766	34.047	75.375
2767	34.142	75.187
2768	34.214	74.56
2769	34.094	73.805
2770	34.084	72.923
2771	34.091	72.729
2772	34.097	72.134
2773	33.944	71.604
2774	33.645	71.12
2775	33.454	70.357
2776	33.254	70.19
2777	32.945	69.933
2778	32.656	69.658
2779	32.291	69.399
2780	32.344	69.441
2781	32.413	69.233
2782	32.363	69.367
2783	32.37	69.419
2784	32.617	69.476
2785	32.637	69.442
2786	32.404	69.377
2787	32.414	69.134
2788	32.641	69.163
2789	32.673	68.943
2790	32.192	68.824
2791	32.049	68.621
2792	31.918	68.431
2793	31.843	68.548
2794	31.832	68.421
2795	31.909	68.075
2796	32.062	68.123
2797	32.282	67.913
2798	32.305	67.976
2799	32.438	67.887
2800	32.596	67.73
2801	32.797	67.856
2802	32.828	67.677
2803	32.613	67.793
2804	32.477	68.017
2805	32.095	67.953
2806	32.1	67.999
2807	31.854	68.083
2808	31.467	68.138
2809	31.223	68.112
2810	30.769	68.238
2811	30.218	68.162
2812	29.706	67.914
2813	29.398	68.149
2814	29.122	67.975
2815	28.66	68.221
2816	28.23	68.194
2817	27.962	68.175
2818	27.831	68.405
2819	27.69	68.689
2820	26.853	68.801
2821	26.405	68.796
2822	26.074	68.932
2823	25.698	69.091
2824	25.401	69.06
2825	24.823	69.383
2826	24.682	69.612
2827	24.546	69.84
2828	24.359	70.135
2829	24.4	70.315
2830	24.315	70.891
2831	24.344	71.043
2832	24.456	71.396
2833	24.592	71.656
2834	24.612	72.08
2835	24.701	72.335
2836	24.617	72.556
2837	24.724	72.742
2838	24.911	72.636
2839	25.266	72.486
2840	25.567	72.347
2841	26.511	71.856
2842	27.172	71.421
2843	27.907	71.033
2844	28.387	70.404
2845	28.749	70.026
2846	28.887	69.771
2847	29.06	69.508
2848	29.18	69.251
2849	29.167	69.199
2850	29.228	69.1
2851	29.064	69.109
2852	28.978	69.275
2853	28.524	69.437
2854	28.33	69.333
2855	28.045	69.371
2856	28.149	69.561
2857	28.133	69.901
2858	27.804	70.139
2859	27.464	70.037
2860	27.573	69.767
2861	26.978	69.988
2862	27.316	70.031
2863	27.354	70.072
2864	27.44	70.402
2865	27.494	70.664
2866	27.57	70.967
2867	27.514	70.937
2868	27.281	70.789
2869	27.769	71.232
2870	27.889	71.532
2871	27.978	72.262
2872	28.07	72.321
2873	28.044	72.687
2874	28.144	72.694
2875	28.396	72.543
2876	28.647	71.68
2877	28.754	71.506
2878	28.914	71.299
2879	29.178	70.813
2880	29.275	70.643
2881	29.587	70.533
2882	29.589	70.381
2883	29.915	70.372
2884	30.021	70.367
2885	30.254	70.838
2886	30.375	71.342
2887	30.751	72.214
2888	31.015	72.405
2889	31.105	72.669
2890	31.251	72.726
2891	31.593	72.798
2892	31.965	72.979
2893	32.213	73.228
2894	32.929	73.431
2895	33.176	73.557
2896	33.165	73.747
2897	33.441	73.945
2898	33.404	73.97
2899	33.334	73.694
2900	33.821	73.324
2901	33.971	73.091
2902	34.065	72.709
2903	33.926	72.748
2904	33.981	72.091
2905	33.546	71.73
2906	33.64	71.401
2907	33.463	71.371
2908	33.226	70.967
2909	33.387	71.304
2910	32.981	71.604
2911	33.107	71.852
2912	32.799	71.947
2913	32.523	72.149
2914	32.317	72.312
2915	31.748	72.941
2916	31.974	73.025
2917	31.855	73.145
2918	31.698	73.661
2919	31.584	73.451
2920	31.489	73.558
2921	31.294	73.377
