1	43.935	214.166
2	45.106	212.419
3	45.197	212.007
4	45.548	212.028
5	46.645	211.125
6	47.107	210.764
7	47.617	211.145
8	47.955	211.662
9	47.883	211.169
10	48.154	211.406
11	48.574	210.931
12	47.953	211.371
13	48.367	211.562
14	47.498	212.051
15	47.098	212.621
16	46.53	213.198
17	45.94	212.341
18	45.788	212.422
19	45.592	212.646
20	45.479	212.969
21	45.443	213.192
22	45.645	212.43
23	45.922	212.075
24	46.442	212.106
25	46.831	212.03
26	46.616	211.903
27	46.865	211.799
28	47.08	212.192
29	47.003	212.153
30	47.362	211.964
31	47.811	212.001
32	47.718	212.275
33	47.816	212.29
34	47.874	212.231
35	48.431	212.406
36	48.427	212.304
37	48.212	212.418
38	47.735	212.548
39	48.035	212.528
40	47.687	213.347
41	47.274	212.884
42	47.028	212.922
43	47.316	212.91
44	47.506	212.389
45	47.422	212.475
46	47.382	212.099
47	47.585	212.111
48	47.974	211.012
49	47.984	209.549
50	48.681	208.945
51	48.691	208.474
52	48.935	208.034
53	48.951	207.159
54	49.135	207.339
55	49.326	207.462
56	49.305	207.553
57	49.06	207.236
58	49.382	207.808
59	49.263	207.897
60	49.392	207.868
61	49.325	208.061
62	49.573	207.908
63	49.48	208.046
64	49.376	207.952
65	49.281	207.588
66	49.286	207.379
67	49.701	207.626
68	49.529	207.443
69	50.597	207.156
70	50.336	206.576
71	50.886	205.415
72	53.977	202.987
73	56.385	200.891
74	60.013	196.813
75	58.858	199.044
76	64.294	189.051
77	65.7	187.394
78	66.739	186.283
79	67.28	185.386
80	68.306	184.717
81	69.588	183.587
82	70.548	183.21
83	70.681	181.394
84	75.027	177.616
85	75.972	175.732
86	76.927	174.63
87	78.354	173.152
88	79.779	172.231
89	80.287	171.677
90	80.53	171.165
91	81.052	170.287
92	81.7	169.85
93	81.965	169.562
94	82.495	169.231
95	83.047	168.675
96	83.277	168.07
97	83.758	167.259
98	84.594	166.178
99	84.889	165.977
100	85.495	165.271
101	85.618	164.557
102	85.919	163.757
103	86.239	163.544
104	86.79	162.503
105	87.187	162.314
106	87.302	162.129
107	87.579	161.803
108	88.209	161.485
109	88.204	160.968
110	88.887	160.346
111	89.006	160.544
112	89.271	160.143
113	89.372	160.053
114	89.799	159.763
115	89.705	159.702
116	90.536	159.056
117	90.964	158.238
118	91.193	157.707
119	92.084	156.69
120	92.653	155.524
121	92.6	155.999
122	98.24	148.077
123	99.476	145.829
124	101.451	144.972
125	101.233	144.475
126	103.116	142.983
127	104.222	141.748
128	108.029	138.52
129	110.354	135.52
130	111.315	134.656
131	112.064	133.696
132	112.415	133.435
133	112.681	132.718
134	113.429	132.178
135	113.807	131.511
136	114.235	130.915
137	114.493	130.745
138	114.683	130.441
139	115.557	129.495
140	115.993	128.807
141	116.534	128.579
142	117.065	127.902
143	117.247	127.714
144	117.414	127.145
145	117.773	127.042
146	117.62	127.032
147	117.434	127.436
148	117.383	127.565
149	117.594	127.139
150	118.028	127.322
151	118.39	126.914
152	118.474	126.155
153	116.929	127.327
154	116.809	126.57
155	132	116
156	139	106
157	140	106
158	146	101
159	149	101
160	150	99
161	150	99
162	152	97
163	153.405	94.923
164	153.299	94.286
165	153.249	93.888
166	152.995	93.365
167	152.766	93.232
168	152.773	93.434
169	153.023	93.302
170	152.859	93.109
171	152.636	93.295
172	152.606	93.358
173	152.856	93.351
174	152.807	93.418
175	153.121	93.712
176	153.222	93.879
177	153.124	93.63
178	153.576	93.828
179	153.418	93.642
180	153.499	93.548
181	153.581	93.494
182	153.785	93.614
183	153.76	93.541
184	154.077	93.515
185	154.017	93.286
186	154.218	93.159
187	154.491	93.387
188	153.823	93.565
189	153.734	93.651
190	154.046	93.839
191	153.754	93.875
192	153.94	93.811
193	154.142	93.787
194	154.089	93.859
195	154.349	93.82
196	154.357	93.661
197	154.223	93.502
198	154.76	93.358
199	155.629	92.864
200	156.189	92.655
201	156.933	92.088
202	157.298	91.735
203	158.016	91.432
204	159.076	91.236
205	159.979	90.785
206	161.119	90.158
207	161.785	90.146
208	161.62	90.556
209	161.889	90.656
210	161.874	91.136
211	161.775	91.621
212	161.413	92.378
213	161.545	92.776
214	161.154	92.977
215	160.285	93.492
216	159.712	93.429
217	159.193	93.743
218	159.443	93.86
219	159.342	93.832
220	158.783	94.184
221	158.562	94.392
222	158.351	94.473
223	158.441	94.438
224	158.143	95.377
225	158.297	95.716
226	158.144	95.736
227	158.15	96.408
228	158.163	96.634
229	158.234	96.678
230	158.571	96.562
231	158.874	96.22
232	158.826	96.093
233	158.483	95.975
234	158.562	96.089
235	158.308	96.164
236	157.922	96.545
237	157.573	96.567
238	157.772	96.418
239	157.448	96.602
240	157.465	96.675
241	157.166	97.018
242	156.777	97.063
243	156.237	97.298
244	156.361	97.534
245	156.389	97.715
246	156.343	97.856
247	156.413	97.777
248	156.017	98.044
249	155.707	98.037
250	155.77	97.848
251	156.242	97.412
252	156.443	97.141
253	157.485	96.414
254	159.141	95.307
255	160.165	93.56
256	161.732	92.079
257	162.783	91.238
258	162.919	90.573
259	162.977	90.973
260	164.083	90.211
261	185.67	67.922
262	186.546	67.479
263	188.403	65.94
264	188.342	65.736
265	189.435	64.45
266	190.142	63.561
267	190.559	63.081
268	191.012	62.738
269	192.637	60.633
270	193.062	60.132
271	197.254	54.804
272	200.045	52.412
273	200.934	51.385
274	201.426	51.429
275	201.727	51.694
276	201.754	51.193
277	201.933	50.856
278	201.592	50.799
279	201.552	50.757
280	201.817	50.634
281	201.643	50.432
282	202.051	50.04
283	202.296	50.079
284	202.315	49.414
285	203.374	48.327
286	203.437	46.676
287	203.611	46.558
288	204.848	44.756
289	205.137	44.262
290	205.468	43.813
291	206.142	43.091
292	206.088	42.396
293	206.016	41.993
294	206.468	41.274
295	206.75	40.765
296	207.079	39.988
297	207.173	39.567
298	207.375	39.337
299	207.155	39.085
300	207.073	38.836
301	207.28	38.496
302	207.247	38.422
303	207.564	38.494
304	207.634	38.668
305	207.515	38.584
306	207.775	38.614
307	207.894	38.475
308	208.02	38.325
309	207.672	38.561
310	207.661	38.466
311	207.522	38.274
312	207.69	38.277
313	207.473	38.225
314	207.695	38.236
315	207.666	38.113
316	207.123	38.156
317	207.342	38.108
318	207.689	38.042
319	207.694	38.22
320	208.024	38.02
321	208.385	38.13
322	208.213	38.13
323	208.483	38.511
324	208.87	38.618
325	209.175	38.478
326	210.037	38.171
327	209.946	38.313
328	210.419	38.474
329	210.31	38.572
330	210.655	38.422
331	210.641	38.622
332	211.082	38.422
333	210.879	38.23
334	211.072	38.398
335	211.277	38.259
336	211.411	38.331
337	211.626	38.156
338	211.612	38.011
339	211.449	37.828
340	211.576	37.49
341	211.322	36.93
342	211.567	36.792
343	211.46	37.181
344	211.225	36.305
345	211.102	36.311
346	211.017	35.891
347	211.196	35.868
348	210.771	35.888
349	210.776	36.006
350	211.438	35.752
351	211.245	35.792
352	211.12	36.209
353	211.08	35.831
354	210.998	35.854
355	210.724	35.95
356	210.682	35.941
357	210.721	35.912
358	210.979	35.961
359	210.73	35.733
360	210.785	35.525
361	210.762	34.957
362	210.825	34.723
363	211.158	34.551
364	211.411	34.227
365	211.525	33.925
366	211.429	33.539
367	211.498	33.195
368	211.26	32.955
369	211.319	32.623
370	211.585	32.475
371	211.667	32.48
372	211.803	32.343
373	211.346	32.476
374	211.42	32.696
375	211.366	32.548
376	211.463	32.316
377	211.813	32.054
378	212.074	32.079
379	212.1	32.141
380	212.255	32.137
381	212.28	31.802
382	212.394	31.659
383	212.594	31.468
384	212.715	31.397
385	212.96	30.471
386	212.285	30.693
387	213.03	30.1
388	212.397	30.371
389	212.234	30.144
390	212.628	30.26
391	212.22	30.352
392	212.453	30.759
393	212.132	30.5
394	212.337	31.233
395	211.623	31.166
396	211.333	31.687
397	211.299	32.077
398	211.205	32.296
399	210.896	32.249
400	210.547	32.36
401	210.02	32.817
402	209.66	32.758
403	209.38	33.084
404	209.712	33.28
405	209.53	33.443
406	209.895	33.094
407	209.718	33.155
408	209.441	33.154
409	209.691	33.229
410	209.447	33.051
411	209.197	33.632
412	209.124	33.161
413	208.997	33.146
414	208.548	33.567
415	208.485	33.627
416	208.724	33.657
417	208.443	33.858
418	208.408	33.829
419	208.619	33.834
420	208.532	33.842
421	209.056	33.754
422	209.381	33.63
423	209.401	33.632
424	209.44	33.091
425	209.567	33.22
426	209.624	33.198
427	209.623	33.07
428	209.607	32.989
429	209.67	32.778
430	209.793	32.86
431	209.646	32.864
432	209.891	33.056
433	209.884	32.865
434	209.893	33.044
435	209.605	33.371
436	209.33	33.845
437	209.476	33.964
438	209.28	34.272
439	208.645	34.261
440	208.531	34.343
441	208.179	34.311
442	207.983	34.532
443	207.915	34.618
444	208.013	34.646
445	207.421	34.594
446	207.64	34.708
447	208.079	34.574
448	207.984	34.745
449	208.025	34.653
450	208.339	34.95
451	208.358	35.229
452	208.291	35.087
453	208.148	35.287
454	208.379	35.4
455	208.374	35.25
456	208.049	35.509
457	207.902	35.246
458	208.006	35.592
459	207.914	35.691
460	207.772	35.622
461	207.723	35.459
462	207.671	35.497
463	207.408	35.389
464	207.449	35.052
465	207.494	34.932
466	207.511	34.874
467	207.227	34.509
468	207.373	34.659
469	207.74	34.327
470	207.757	33.932
471	207.822	33.789
472	208.082	33.564
473	208.13	33.173
474	208.352	32.888
475	208.319	32.426
476	208.934	32.153
477	208.805	31.953
478	208.967	31.917
479	208.928	31.612
480	209.065	31.766
481	208.952	31.626
482	208.843	31.516
483	209.131	31.695
484	208.764	31.619
485	208.56	31.754
486	208.725	31.933
487	208.54	31.795
488	208.495	32.107
489	208.437	32.014
490	208.199	31.874
491	207.996	31.944
492	207.958	32.05
493	207.916	31.859
494	208.054	32.051
495	208.163	31.877
496	208.145	31.533
497	208.522	31.494
498	208.953	31.339
499	208.848	31.145
500	209.19	31.442
501	209.295	31.028
502	209.662	31.271
503	209.607	31.36
504	209.906	31.363
505	209.612	31.445
506	209.402	31.231
507	209.251	31.456
508	209.208	31.542
509	208.774	31.377
510	208.595	31.648
511	208.955	31.732
512	208.475	31.709
513	208.307	31.626
514	208.236	31.511
515	208.217	31.842
516	208.026	32.418
517	207.992	31.99
518	208.194	32.401
519	207.735	32.53
520	207.878	32.417
521	207.54	32.668
522	207.182	32.872
523	206.988	32.991
524	206.823	32.893
525	206.555	32.666
526	206.697	32.844
527	206.856	32.766
528	207.161	32.882
529	206.82	32.816
530	206.799	32.863
531	206.978	32.62
532	207.411	32.432
533	207.27	32.635
534	207.305	32.646
535	207.369	32.807
536	207.184	33.043
537	207.177	32.827
538	207.316	32.866
539	207.57	33.094
540	207.214	33.023
541	207.243	32.945
542	207.185	33.051
543	206.93	33.155
544	207.218	32.969
545	207.346	32.77
546	207.317	32.805
547	207.592	32.623
548	207.151	32.749
549	206.896	32.909
550	207.049	32.792
551	207.293	32.66
552	207.184	32.861
553	207.305	32.645
554	207.357	32.514
555	207.512	32.629
556	207.245	32.729
557	206.947	32.617
558	207.315	32.757
559	207.205	32.63
560	207.261	32.764
561	207.389	32.952
562	207.725	32.907
563	207.655	32.906
564	207.63	32.981
565	207.469	32.949
566	207.756	33.335
567	207.816	33.17
568	207.491	32.878
569	207.543	32.997
570	207.271	33.112
571	207.221	33.044
572	207.699	32.893
573	207.674	33.129
574	207.265	33.007
575	207.237	33.034
576	207.597	33.236
577	207.499	33.227
578	207.186	33.16
579	207.07	33.477
580	206.999	33.356
581	207.014	33.364
582	206.93	33.242
583	206.625	33.211
584	207.161	33.651
585	207.074	33.57
586	207.106	33.35
587	207.059	33.631
588	207.108	33.924
589	206.997	33.776
590	206.718	34.015
591	206.854	34.055
592	206.732	34.068
593	206.637	33.972
594	206.723	33.904
595	206.584	33.818
596	206.717	33.963
597	207.062	33.976
598	207.077	33.979
599	207.33	33.58
600	207.401	33.607
601	207.344	33.334
602	207.608	33.373
603	207.64	33.376
604	207.711	33.434
605	208.147	33.145
606	207.669	33.237
607	207.612	32.995
608	207.521	32.947
609	207.343	32.999
610	207.284	32.938
611	206.975	32.802
612	206.87	32.852
613	206.861	33.074
614	206.948	33.076
615	206.631	33.265
616	207.054	33.401
617	206.862	33.517
618	206.626	33.472
619	206.623	33.657
620	206.854	33.589
621	207.33	33.748
622	207.183	33.63
623	206.9	33.503
624	206.876	33.454
625	207.016	33.224
626	206.874	33.174
627	206.947	33.098
628	207.243	33.295
629	206.993	32.981
630	207.394	33.023
631	207.292	33.153
632	207.537	33.311
633	207.474	33.546
634	207.373	33.537
635	207.702	33.708
636	207.364	33.622
637	206.921	33.641
638	207.287	33.958
639	206.989	33.523
640	207.027	33.535
641	206.876	33.544
642	206.479	33.572
643	206.703	33.493
644	206.695	33.579
645	206.757	33.435
646	206.491	33.634
647	206.813	33.756
648	206.737	33.75
649	206.714	33.9
650	206.492	33.85
651	206.673	34.014
652	206.597	34.096
653	206.526	33.733
654	206.515	34.029
655	206.577	33.923
656	206.761	34.022
657	206.883	33.849
658	206.95	33.825
659	206.581	34.029
660	206.807	34.325
661	206.656	34.316
662	206.468	34.247
663	206.736	34.502
664	207.139	34.15
665	207.008	34.46
666	206.614	34.065
667	206.615	34.254
668	206.201	34.262
669	206.165	34.234
670	206.438	34.297
671	206.153	34.213
672	206.597	34.379
673	206.452	34.476
674	206.351	34.496
675	206.677	34.362
676	206.732	34.482
677	206.802	34.187
678	206.769	34.242
679	206.866	34.11
680	206.761	34.245
681	206.956	34.022
682	206.867	34.169
683	207.101	34.135
684	206.999	34.074
685	207.092	33.853
686	207.044	33.81
687	206.937	33.824
688	206.798	33.709
689	206.887	33.885
690	206.688	33.763
691	206.709	33.721
692	206.618	33.759
693	206.693	33.843
694	206.574	33.993
695	206.614	34.11
696	206.526	34.253
697	206.603	34.161
698	206.647	34.107
699	206.85	34.073
700	206.605	34.184
701	206.56	34.196
702	206.485	34.073
703	206.602	34.181
704	206.592	34.082
705	206.677	34.025
706	206.37	34.082
707	206.645	34.119
708	206.492	34.267
709	206.349	34.319
710	206.42	34.18
711	206.432	34.174
712	206.39	34.129
713	206.375	34.245
714	206.277	34.323
715	206.199	34.297
716	206.183	34.39
717	206.143	34.33
718	205.85	34.408
719	205.827	34.353
720	205.976	34.421
721	205.835	34.483
722	205.828	34.476
723	205.969	34.595
724	205.883	34.651
725	205.789	34.672
726	206.015	34.598
727	205.944	34.738
728	206.037	34.787
729	206.068	34.732
730	206.204	34.646
731	206.28	34.346
732	206.233	34.124
733	206.205	34.478
734	206.239	34.183
735	206.352	34.044
736	206.437	34.241
737	206.42	34.017
738	206.45	33.893
739	206.401	33.9
740	206.396	34.079
741	206.119	34.179
742	206.056	34.185
743	206.498	34.182
744	206.322	34.363
745	206.211	34.268
746	206.423	34.35
747	206.075	34.242
748	206.136	34.397
749	206.081	34.396
750	206.041	34.166
751	205.754	34.339
752	205.957	34.176
753	205.767	34.267
754	205.526	34.612
755	205.327	34.49
756	205.576	34.605
757	205.701	34.534
758	205.406	34.483
759	205.767	34.484
760	205.553	34.318
761	205.573	34.218
762	205.956	34.391
763	205.715	34.374
764	205.764	34.266
765	205.915	34.444
766	205.682	34.406
767	205.609	34.4
768	205.521	34.422
769	205.805	34.567
770	205.66	34.53
771	205.526	34.68
772	205.753	34.837
773	205.907	34.753
774	206.042	35.037
775	205.799	34.896
776	205.71	34.862
777	205.486	34.653
778	205.584	34.905
779	205.44	34.716
780	205.571	34.713
781	205.488	34.778
782	205.335	34.421
783	205.191	34.223
784	205.121	34.223
785	205.257	34.196
786	205.36	34.192
787	205.546	34.46
788	205.404	34.284
789	205.523	34.352
790	205.721	34.303
791	205.909	34.151
792	206.057	34.353
793	206.256	34.322
794	206.068	34.455
795	206.055	34.403
796	206.041	34.181
797	205.807	33.826
798	205.909	34.075
799	205.684	33.839
800	205.601	33.756
801	205.643	33.728
802	205.651	33.8
803	205.595	33.648
804	205.837	33.611
805	205.9	33.521
806	205.971	33.592
807	205.86	33.508
808	206.213	33.64
809	205.999	33.444
810	205.992	33.334
811	205.948	33.397
812	205.882	33.372
813	205.721	33.728
814	205.931	33.603
815	205.668	33.359
816	205.94	33.606
817	205.745	33.33
818	205.706	33.386
819	205.753	33.751
820	205.744	33.844
821	205.526	33.669
822	205.867	33.765
823	205.7	33.706
824	205.681	33.673
825	205.669	33.63
826	205.385	33.354
827	205.45	33.521
828	205.502	33.637
829	205.474	33.805
830	205.504	33.775
831	205.739	33.675
832	205.561	33.591
833	205.793	33.859
834	205.705	33.855
835	205.833	33.876
836	205.893	34.002
837	205.64	33.949
838	205.599	33.816
839	205.582	33.758
840	205.943	33.754
841	205.836	33.813
842	205.818	33.948
843	205.944	34.011
844	205.697	34.088
845	205.684	34.343
846	205.703	34.367
847	205.843	34.327
848	205.78	34.47
849	205.621	34.562
850	205.835	34.714
851	205.857	34.725
852	205.764	34.598
853	205.671	34.642
854	205.641	34.505
855	205.399	34.483
856	205.366	34.457
857	205.258	34.392
858	205.125	34.301
859	205.112	34.18
860	205.306	34.55
861	205.144	34.627
862	205.727	34.567
863	205.885	34.651
864	205.407	34.71
865	205.386	34.581
866	205.384	34.54
867	205.604	34.629
868	205.503	34.887
869	205.313	34.873
870	205.275	34.957
871	205.344	34.859
872	205.203	34.662
873	205.196	34.677
874	205.198	34.761
875	205.108	34.454
876	205.207	34.679
877	205.31	34.936
878	205.244	34.908
879	205.494	34.897
880	205.517	34.602
881	205.522	34.743
882	205.706	34.767
883	205.487	34.807
884	205.539	34.748
885	205.621	34.551
886	205.525	34.227
887	205.578	34.423
888	205.641	34.224
889	205.387	34.264
890	205.252	34.267
891	205.163	33.91
892	205.117	34.056
893	205.246	33.898
894	205.05	33.927
895	205.041	33.997
896	205.384	34.227
897	205.402	34.269
898	205.395	34.093
899	205.597	34.159
900	205.881	34.132
901	205.942	34.424
902	205.761	34.273
903	205.792	34.325
904	206.191	34.465
905	205.996	34.403
906	206.226	34.399
907	206.243	34.368
908	205.838	34.351
909	205.963	34.271
910	205.905	34.509
911	205.716	34.224
912	205.931	34.295
913	205.735	34.37
914	205.791	34.381
915	205.526	34.233
916	205.532	34.089
917	205.437	34.191
918	205.344	34.28
919	205.373	34.173
920	205.387	34.173
921	205.58	34.147
922	205.437	34.139
923	205.683	34.255
924	205.662	34.188
925	205.583	34.139
926	205.024	34.172
927	205.092	34.383
928	205.405	34.439
929	205.399	34.262
930	205.391	34.592
931	205.535	34.621
932	205.505	34.443
933	205.604	34.397
934	205.622	33.98
935	205.769	34.14
936	205.836	34.104
937	206.018	34.233
938	205.798	34.365
939	205.799	34.38
940	205.603	34.441
941	205.635	34.293
942	205.477	34.391
943	205.448	34.42
944	205.361	34.489
945	205.226	34.61
946	205.227	34.652
947	205.034	34.625
948	205.197	34.441
949	205.366	34.412
950	205.478	34.378
951	205.247	34.38
952	205.348	34.517
953	205.167	34.542
954	205.368	34.797
955	205.114	34.615
956	205.255	34.692
957	205.158	34.745
958	205.099	34.84
959	204.97	34.866
960	205.181	34.891
961	205.165	34.616
962	205.072	34.502
963	205.239	34.613
964	205.129	34.624
965	205.103	34.836
966	205.163	34.605
967	205.116	35.173
968	205.164	35.228
969	204.911	35.34
970	204.765	35.54
971	204.858	35.826
972	204.712	36.327
973	204.2	36.718
974	203.864	37.117
975	203.739	37.383
976	203.199	37.997
977	203.222	38.215
978	202.874	38.632
979	202.85	38.94
980	202.654	39.028
981	202.754	39.286
982	202.643	39.693
983	202.349	40.025
984	202.311	40.356
985	202.313	40.318
986	202.146	40.694
987	202.02	40.945
988	201.915	40.963
989	201.769	41.527
990	201.623	42.521
991	201.023	43.64
992	200.451	44.459
993	199.845	45.308
994	199.227	46.504
995	198.491	47.635
996	197.8	48.507
997	197.081	49.484
998	196.807	50.107
999	196.265	50.72
1000	195.702	51.015
1001	195.193	51.433
1002	194.939	51.901
1003	194.711	52.331
1004	194.182	52.878
1005	193.897	53.197
1006	193.511	53.884
1007	193.226	54.274
1008	192.75	54.559
1009	192.433	55.212
1010	192.18	55.625
1011	191.999	56.235
1012	191.745	56.536
1013	191.491	57.068
1014	191.108	57.718
1015	190.959	58.181
1016	190.404	58.582
1017	190.02	58.906
1018	189.163	59.78
1019	188.318	60.371
1020	187.374	61.196
1021	186.229	62.055
1022	184.91	63.006
1023	184.406	63.533
1024	184.136	64.102
1025	183.337	64.642
1026	182.907	65.166
1027	182.442	65.601
1028	181.7	66.299
1029	180.994	66.692
1030	180.765	67.336
1031	179.877	67.673
1032	178.995	68.668
1033	177.801	69.118
1034	176.638	69.967
1035	176.275	70.405
1036	175.56	71.089
1037	175.104	71.48
1038	174.367	71.916
1039	173.896	72.27
1040	173.39	72.836
1041	172.631	73.391
1042	172.239	73.676
1043	171.529	74.132
1044	170.874	74.568
1045	170.822	74.712
1046	170.084	74.906
1047	169.716	75.205
1048	169.276	75.274
1049	168.756	75.724
1050	168.241	75.992
1051	167.884	76.484
1052	167.307	76.776
1053	166.83	77.267
1054	166.488	77.493
1055	165.968	78.023
1056	165.341	78.517
1057	164.979	78.841
1058	164.551	78.716
1059	164.092	79.243
1060	163.701	79.244
1061	163.449	79.488
1062	163.045	79.657
1063	162.592	79.979
1064	162.355	80.407
1065	161.87	81.003
1066	161.615	81.497
1067	161.272	81.918
1068	160.741	82.337
1069	160.226	82.985
1070	159.714	83.626
1071	159.091	84.265
1072	158.493	85.011
1073	157.994	85.466
1074	157.199	86.29
1075	156.129	87.123
1076	154.539	88.287
1077	153.405	88.974
1078	152.366	89.438
1079	150.965	90.05
1080	148.94	90.969
1081	147.03	91.988
1082	146.369	92.362
1083	144.987	93.18
1084	143.408	93.792
1085	142.508	94.254
1086	140.903	95.053
1087	139.875	95.771
1088	139.429	96.29
1089	138.756	96.707
1090	138.4	96.848
1091	138.031	97.14
1092	137.867	97.085
1093	137.892	97.089
1094	137.382	97.215
1095	137.492	97.198
1096	137.758	97.182
1097	137.399	96.93
1098	137.457	96.889
1099	137.415	96.791
1100	137.636	96.707
1101	137.787	96.754
1102	137.88	96.51
1103	138.03	96.251
1104	138.372	96.28
1105	138.339	96.142
1106	138.353	95.852
1107	138.435	95.995
1108	138.522	95.97
1109	138.562	96.01
1110	138.527	95.956
1111	138.368	95.831
1112	138.3	95.809
1113	138.18	95.846
1114	138.217	95.819
1115	137.98	95.792
1116	138.193	95.935
1117	138.231	95.851
1118	138.253	95.741
1119	138.582	95.629
1120	138.412	95.492
1121	138.357	95.458
1122	138.482	95.588
1123	138.516	95.399
1124	138.272	95.646
1125	138.4	95.67
1126	138.368	95.393
1127	138.604	95.546
1128	138.438	95.559
1129	138.48	95.967
1130	138.45	96.093
1131	138.431	96
1132	138.318	96.145
1133	138.019	96.099
1134	138.185	96.271
1135	138.251	96.236
1136	138.289	96.14
1137	138.346	96.097
1138	138.292	96.258
1139	138.217	96.075
1140	138.19	96.053
1141	138.203	95.988
1142	138.218	95.922
1143	138.199	96.355
1144	138.647	96.433
1145	138.578	96.364
1146	138.712	96.367
1147	138.439	96.368
1148	138.346	96.362
1149	138.493	96.379
1150	138.244	96.359
1151	138.308	96.502
1152	138.171	96.409
1153	138.257	96.487
1154	138.08	96.516
1155	137.741	96.489
1156	137.564	96.511
1157	137.726	96.477
1158	137.79	96.351
1159	137.776	96.382
1160	137.917	96.273
1161	137.72	96.23
1162	137.707	96.146
1163	137.513	96.029
1164	137.307	96.08
1165	136.843	96.334
1166	136.293	96.668
1167	135.628	96.972
1168	135.06	97.647
1169	134.417	98.587
1170	133.075	99.749
1171	131.798	101.139
1172	130.795	102.102
1173	130.176	102.735
1174	129.739	103.443
1175	128.716	104.479
1176	128.163	105.106
1177	127.668	105.845
1178	127.241	106.32
1179	127.092	106.585
1180	126.772	107.134
1181	126.201	107.448
1182	125.848	107.913
1183	125.748	108.317
1184	125.695	108.562
1185	125.559	108.894
1186	125.409	109.551
1187	125.175	110.472
1188	125.007	110.7
1189	124.966	111.068
1190	124.87	111.382
1191	124.918	111.781
1192	124.662	111.918
1193	124.546	112.03
1194	124.598	112.467
1195	124.681	112.426
1196	124.733	112.281
1197	124.72	112.36
1198	124.586	112.374
1199	124.46	112.332
1200	124.498	112.362
1201	124.546	112.419
1202	124.539	112.383
1203	124.421	112.432
1204	124.501	112.008
1205	124.387	112.113
1206	124.397	112.009
1207	124.434	111.996
1208	124.258	111.841
1209	124.367	111.787
1210	124.415	111.654
1211	124.108	111.638
1212	124.122	111.611
1213	123.995	111.815
1214	124.1	111.729
1215	124.366	111.825
1216	124.154	112.047
1217	124.079	112.311
1218	124.028	112.427
1219	124.003	112.73
1220	123.986	112.853
1221	123.909	112.827
1222	123.85	113.029
1223	123.726	113.258
1224	123.664	113.488
1225	123.361	113.58
1226	123.286	113.576
1227	123.019	113.539
1228	122.836	113.563
1229	122.911	113.569
1230	122.941	113.713
1231	122.779	114.016
1232	122.572	113.867
1233	122.408	113.9
1234	122.22	114.096
1235	122.155	114.037
1236	122.201	114.065
1237	122.272	114.044
1238	122.116	114.034
1239	122.339	113.889
1240	122.399	113.916
1241	122.367	113.773
1242	122.382	113.693
1243	122.389	113.953
1244	122.471	113.771
1245	122.406	113.598
1246	122.597	113.399
1247	122.474	113.588
1248	122.635	113.582
1249	122.677	113.578
1250	122.772	113.782
1251	122.776	113.716
1252	122.741	113.815
1253	122.808	113.464
1254	122.869	113.531
1255	122.865	113.429
1256	122.832	113.524
1257	123.087	113.643
1258	123.046	113.886
1259	122.992	113.756
1260	123.001	113.704
1261	122.993	113.795
1262	123.015	114.047
1263	123.104	114.156
1264	123.118	113.912
1265	122.965	114.101
1266	123.213	114.017
1267	123.013	114.065
1268	123.122	113.921
1269	123.16	113.65
1270	123.096	113.777
1271	123.023	113.819
1272	122.751	113.701
1273	122.754	113.704
1274	122.64	113.755
1275	122.679	113.785
1276	122.445	113.772
1277	122.599	113.654
1278	122.748	113.905
1279	122.369	113.679
1280	122.39	113.868
1281	122.336	113.822
1282	122.294	113.734
1283	122.523	113.572
1284	122.541	113.754
1285	122.5	113.535
1286	122.588	113.634
1287	122.436	113.669
1288	122.478	113.761
1289	122.281	113.848
1290	122.36	114.142
1291	122.583	114.126
1292	122.544	114.473
1293	122.405	114.527
1294	122.551	114.648
1295	122.535	114.784
1296	122.545	114.959
1297	122.612	114.72
1298	122.838	114.84
1299	122.828	114.811
1300	122.705	114.781
1301	122.638	114.596
1302	122.495	114.468
1303	122.624	114.494
1304	122.485	114.291
1305	122.598	114.153
1306	122.433	114.12
1307	122.424	114.115
1308	122.367	114.175
1309	122.338	114.097
1310	122.439	114.32
1311	122.295	114.323
1312	122.245	114.516
1313	122.422	114.575
1314	122.34	114.507
1315	122.226	114.794
1316	122.19	114.998
1317	122.219	115.094
1318	122.256	115.179
1319	122.489	115.49
1320	122.701	115.65
1321	122.729	115.7
1322	122.781	115.822
1323	122.977	116.223
1324	123.07	116.099
1325	123.092	115.886
1326	123.145	115.793
1327	122.9	115.811
1328	122.881	115.907
1329	122.711	115.999
1330	122.624	116.186
1331	122.519	116.079
1332	122.591	116.007
1333	122.588	116.008
1334	122.285	116.167
1335	122.167	116.091
1336	122.147	116.108
1337	121.84	116.198
1338	121.826	116.313
1339	121.74	116.308
1340	121.586	116.665
1341	121.195	116.983
1342	120.803	117.294
1343	120.514	117.619
1344	119.841	118.058
1345	119.725	118.522
1346	119.341	118.867
1347	118.913	119.351
1348	118.639	119.497
1349	118.454	119.507
1350	118.029	119.44
1351	117.817	119.712
1352	117.662	119.871
1353	117.385	119.832
1354	117.444	119.761
1355	117.12	119.81
1356	117.038	119.726
1357	117.135	119.698
1358	116.97	119.71
1359	116.745	119.759
1360	116.611	119.824
1361	116.7	119.731
1362	116.602	119.734
1363	116.802	119.73
1364	116.678	119.62
1365	116.621	119.565
1366	116.613	119.46
1367	116.62	119.243
1368	116.76	119.352
1369	116.773	119.125
1370	116.672	118.948
1371	116.673	118.952
1372	116.441	118.754
1373	116.42	118.687
1374	116.405	118.677
1375	116.603	118.517
1376	116.844	118.757
1377	116.781	118.808
1378	116.802	118.738
1379	116.601	118.743
1380	116.617	118.786
1381	117.048	118.571
1382	117.442	118.379
1383	118.148	117.996
1384	118.483	117.748
1385	119.021	117.049
1386	119.591	116.653
1387	120.384	116.114
1388	120.894	115.761
1389	121.143	115.596
1390	121.418	114.891
1391	121.74	114.686
1392	121.921	113.945
1393	122.213	113.289
1394	122.339	113.052
1395	122.602	112.461
1396	123.405	111.251
1397	125.974	107.738
1398	126.965	106.176
1399	128.663	103.99
1400	141.6	92.543
1401	142.266	92.092
1402	142.259	91.792
1403	143.29	91.282
1404	144.338	90.887
1405	145.366	90.347
1406	146.008	90.108
1407	147.229	89.357
1408	148.51	88.971
1409	149.736	88.82
1410	151.355	88.871
1411	152.826	88.827
1412	153.77	88.888
1413	155.676	89.224
1414	156.647	89.582
1415	158.206	89.821
1416	159.474	90.386
1417	160.598	90.657
1418	160.981	90.582
1419	161.917	90.234
1420	162.692	90.034
1421	163.554	89.503
1422	164.318	88.802
1423	165.182	88.057
1424	165.637	87.433
1425	165.888	86.583
1426	166.271	86.14
1427	166.22	85.437
1428	166.526	85.339
1429	166.677	85.135
1430	167.074	85.007
1431	166.979	84.937
1432	167.164	84.417
1433	167.314	83.92
1434	167.343	83.781
1435	167.49	83.404
1436	167.511	83.014
1437	167.559	82.674
1438	167.516	82.596
1439	167.571	81.916
1440	167.453	81.694
1441	167.662	81.061
1442	167.597	81.227
1443	167.763	80.948
1444	167.831	80.971
1445	167.694	80.75
1446	167.692	80.688
1447	167.741	80.226
1448	167.928	80.076
1449	168.54	79.558
1450	169.105	79.404
1451	169.965	78.985
1452	171.545	78.236
1453	171.855	78.138
1454	172.818	77.596
1455	174.059	76.708
1456	174.633	76.217
1457	175.672	75.22
1458	176.802	74.481
1459	177.74	73.452
1460	178.05	73.212
1461	178.835	72.596
1462	179.096	72.461
1463	179.335	72.606
1464	179.732	72.247
1465	180.254	72.34
1466	180.224	72.267
1467	180.534	71.912
1468	180.491	71.848
1469	180.862	71.846
1470	180.78	71.795
1471	180.842	71.853
1472	180.924	71.709
1473	180.87	71.909
1474	180.94	71.829
1475	181.024	71.871
1476	181.187	72.095
1477	181.053	72.013
1478	181.103	71.922
1479	181.188	71.889
1480	180.863	71.904
1481	181.049	71.904
1482	181.12	71.908
1483	180.973	71.798
1484	181.16	71.828
1485	181.097	71.737
1486	181.123	71.834
1487	181.226	71.674
1488	181.02	71.626
1489	180.98	71.753
1490	180.833	71.432
1491	180.886	71.61
1492	180.97	71.635
1493	181.015	71.698
1494	180.817	71.676
1495	180.665	71.959
1496	180.899	72.063
1497	180.726	72.082
1498	180.85	72.105
1499	180.909	72.197
1500	180.831	72.2
1501	180.867	72.169
1502	181.07	72.25
1503	180.81	71.984
1504	180.855	72
1505	180.699	71.982
1506	180.91	72.017
1507	180.932	71.908
1508	180.59	71.786
1509	180.617	71.639
1510	180.549	71.66
1511	180.376	71.789
1512	180.419	71.929
1513	180.378	71.608
1514	180.345	71.549
1515	180.685	71.27
1516	180.674	71.24
1517	180.857	71.018
1518	181.319	70.911
1519	181.93	70.525
1520	182.471	70.302
1521	182.884	70.107
1522	183.461	69.922
1523	183.721	69.869
1524	184.253	69.405
1525	184.226	69.543
1526	184.8	69.116
1527	185.029	68.859
1528	184.913	68.873
1529	184.847	68.727
1530	184.928	68.947
1531	184.847	68.78
1532	184.503	68.617
1533	184.375	68.452
1534	184.39	68.751
1535	184.457	68.133
1536	184.122	68.321
1537	184.166	68.324
1538	183.83	68.253
1539	184.032	67.996
1540	183.955	68.119
1541	183.996	68.2
1542	184.187	68.034
1543	184.089	68.061
1544	184.203	68.121
1545	184.324	68.068
1546	184.294	68.215
1547	184.319	68.32
1548	184.316	68.441
1549	184.081	68.334
1550	184.216	68.451
1551	184.255	68.379
1552	184.383	68.411
1553	184.371	68.359
1554	184.273	68.655
1555	184.353	68.602
1556	184.364	68.765
1557	184.402	68.631
1558	184.411	68.542
1559	184.539	68.607
1560	184.412	68.73
1561	184.405	68.826
1562	184.348	68.838
1563	184.454	68.833
1564	184.504	68.989
1565	184.686	69.043
1566	184.491	69.012
1567	184.887	69.199
1568	184.55	69.222
1569	184.707	69.069
1570	184.619	69.148
1571	184.734	68.854
1572	184.7	69.133
1573	184.785	68.884
1574	184.623	69.121
1575	184.789	68.843
1576	184.82	69.171
1577	185.085	68.976
1578	185.206	68.95
1579	185.274	69.003
1580	185.491	68.863
1581	186.215	68.792
1582	186.869	68.617
1583	187.149	68.399
1584	187.992	68.17
1585	188.466	67.905
1586	189.005	67.53
1587	189.677	67.058
1588	190.233	66.818
1589	191.254	66.316
1590	191.931	65.929
1591	192.787	65.524
1592	193.161	65.219
1593	193.285	65.31
1594	193.633	64.771
1595	193.614	64.478
1596	193.852	64.259
1597	194.01	64.167
1598	194.245	63.906
1599	194.494	63.843
1600	194.709	63.684
1601	194.65	63.402
1602	194.947	63.514
1603	194.713	63.278
1604	194.853	63.075
1605	194.93	63.139
1606	195.017	62.886
1607	195.202	63.002
1608	195.093	62.993
1609	195.134	62.934
1610	194.844	62.902
1611	194.987	62.943
1612	194.915	62.941
1613	194.889	62.974
1614	194.897	62.964
1615	194.979	63.11
1616	194.912	63.049
1617	195.02	62.973
1618	194.879	63.147
1619	195.002	63.373
1620	194.902	63.438
1621	195.093	63.204
1622	195.065	63.187
1623	195.064	63.113
1624	195	63.199
1625	195.2	63.126
1626	195.191	63.134
1627	195.493	63.246
1628	195.362	63.425
1629	195.535	63.287
1630	195.43	63.235
1631	195.516	63.402
1632	195.819	63.57
1633	195.85	63.57
1634	195.841	63.535
1635	195.921	63.726
1636	195.953	63.628
1637	195.941	63.84
1638	195.856	63.794
1639	196.028	63.746
1640	196.374	63.938
1641	196.348	63.978
1642	196.408	64.059
1643	196.422	63.947
1644	196.358	63.906
1645	196.463	64.071
1646	196.495	64.119
1647	196.394	64.042
1648	196.329	64.097
1649	196.364	64.212
1650	196.347	64.206
1651	196.388	64.224
1652	196.506	64.278
1653	196.608	64.399
1654	196.791	64.083
1655	197.062	63.849
1656	197.37	63.664
1657	197.607	63.649
1658	197.977	63.472
1659	197.912	63.448
1660	198.161	63.146
1661	198.266	62.923
1662	198.647	62.763
1663	198.79	62.511
1664	198.724	62.527
1665	198.945	62.299
1666	199.071	62.197
1667	199.23	61.967
1668	199.188	61.903
1669	199.342	61.774
1670	199.331	61.951
1671	199.406	62.009
1672	199.305	61.995
1673	199.536	61.795
1674	199.69	61.424
1675	200.222	61.264
1676	200.846	61.121
1677	201.187	60.904
1678	202.205	60.709
1679	203.241	60.28
1680	204.186	60.076
1681	205.124	59.825
1682	205.782	59.593
1683	206.879	59.311
1684	207.431	59.238
1685	207.915	59.218
1686	208.503	59.2
1687	209.333	58.976
1688	209.583	58.868
1689	209.814	58.715
1690	210.174	58.637
1691	210.412	58.621
1692	210.787	58.494
1693	210.98	58.377
1694	211.325	58.5
1695	212.038	58.009
1696	212.642	57.922
1697	213.383	57.648
1698	214.106	57.484
1699	214.487	57.189
1700	215.302	56.817
1701	216.219	56.691
1702	217.138	56.085
1703	217.849	55.781
1704	218.936	55.106
1	219.934	54.599
2	220.912	53.917
3	222.156	53.177
4	223.169	52.586
5	224.041	52.081
6	224.105	51.677
7	224.534	51.348
8	225.144	50.828
9	225.311	50.776
10	225.436	50.441
11	225.555	50.366
12	225.405	50.383
13	225.422	50.498
14	225.592	50.432
15	225.465	50.351
16	225.398	50.608
17	225.464	50.508
18	225.364	50.479
19	225.447	50.589
20	225.521	50.964
21	225.332	51.23
22	225.45	51.167
23	225.319	50.994
24	225.282	51.197
25	225.338	51.258
26	225.42	51.517
27	225.458	51.568
28	225.5	51.661
29	225.472	51.914
30	225.456	51.858
31	225.336	51.814
32	225.503	51.861
33	225.516	51.65
34	225.642	51.485
35	225.547	51.577
36	225.523	51.492
37	225.411	51.71
38	225.748	51.888
39	225.911	51.765
40	225.877	51.841
41	225.945	51.939
42	225.822	51.848
43	225.868	51.868
44	225.703	51.935
45	225.599	51.879
46	225.463	51.954
47	225.584	51.975
48	225.41	52.131
49	225.562	52.221
50	225.524	52.1
51	225.521	52.121
52	225.495	52.045
53	225.478	52.019
54	225.615	51.991
55	225.561	51.959
56	225.85	51.996
57	226.074	51.864
58	225.881	51.909
59	225.846	51.918
60	225.918	51.948
61	226.259	51.316
62	226.818	51.109
63	227.504	51.022
64	227.593	51.193
65	228.153	51.052
66	228.593	51.15
67	228.485	50.976
68	228.849	50.67
69	229.148	50.549
70	229.34	50.403
71	229.435	50.385
72	229.257	50.418
73	229.067	50.679
74	228.938	50.686
75	228.9	50.849
76	228.862	50.926
77	228.942	50.953
78	229.133	50.867
79	228.987	51.086
80	228.905	51.128
81	229.018	51.048
82	229.033	51.058
83	229.018	51.043
84	229.118	51.253
85	229.311	51.289
86	229.592	51.392
87	230.037	51.672
88	230.454	51.813
89	230.948	52.165
90	231.303	52.338
91	232.061	52.666
92	232.274	52.945
93	232.627	53.189
94	232.954	53.439
95	233.237	53.574
96	233.683	53.805
97	233.82	53.843
98	233.964	54.119
99	234.167	54.259
100	234.17	54.219
101	234.223	54.5
102	234.109	54.288
103	234.114	54.169
104	234.15	54.268
105	234.28	54.448
106	234.265	54.527
107	234.273	54.528
108	234.257	54.538
109	234.477	54.73
110	234.336	54.675
111	234.237	54.509
112	234.238	54.632
113	234.248	54.59
114	234.251	54.641
115	234.057	54.646
116	234.177	54.789
117	234.026	54.864
118	234.139	54.848
119	234.119	54.767
120	234.108	54.736
121	234.187	54.759
122	234.303	54.799
123	234.505	54.94
124	234.379	55.103
125	234.585	54.927
126	234.536	54.989
127	234.501	54.937
128	234.448	55.02
129	234.472	54.925
130	234.395	54.818
131	234.312	55.011
132	234.334	54.99
133	234.072	54.984
134	234.302	55.062
135	234.285	55.255
136	234.216	55.215
137	234.324	55.219
138	234.186	55.308
139	234.28	55.189
140	234.26	55.113
141	234.084	55.288
142	233.972	55.317
143	233.928	55.245
144	234.059	55.087
145	234.114	55.023
146	234.128	54.747
147	234.119	54.769
148	234.38	55.067
149	234.489	55.066
150	234.718	54.636
151	235.045	54.66
152	235.175	54.605
153	235.559	54.526
154	235.771	54.455
155	236.064	54.393
156	235.675	54.83
157	235.826	55.124
158	235.981	55.532
159	235.996	55.72
160	235.73	55.728
161	235.851	55.814
162	235.922	55.872
163	235.721	55.742
164	235.858	55.598
165	236.195	55.376
166	236.542	55.258
167	237.172	55.134
168	237.868	54.921
169	238.328	54.384
170	238.573	54.481
171	238.886	54.43
172	238.915	54.328
173	239.282	54.284
174	239.372	54.317
175	239.283	54.156
176	239.308	53.917
177	239.119	53.93
178	239.147	53.64
179	239.468	53.78
180	239.481	53.72
181	239.555	53.773
182	239.631	53.701
183	239.459	53.552
184	239.425	53.772
185	239.435	53.791
186	239.485	53.723
187	239.504	53.713
188	239.501	53.723
189	239.498	53.802
190	239.323	53.691
191	239.505	53.476
192	239.351	53.565
193	239.386	53.613
194	239.378	53.496
195	239.342	53.553
196	239.304	53.469
197	239.472	53.391
198	239.488	53.252
199	239.525	53.24
200	239.508	53.211
201	239.389	53.183
202	239.272	53.019
203	239.114	52.965
204	238.972	53.039
205	239.095	53.301
206	239.025	53.554
207	239.315	53.8
208	239.387	54.035
209	239.555	54.183
210	239.138	54.549
211	238.825	55.235
212	238.57	55.705
213	238.381	56.255
214	238.281	56.891
215	238.059	57.466
216	237.73	58.028
217	236.953	58.724
218	236.175	59.512
219	235.573	59.93
220	235.172	60.589
221	234.834	61.218
222	234.148	61.735
223	233.338	62.136
224	232.909	62.832
225	232.188	63.399
226	231.966	63.128
227	231.782	63.097
228	231.634	62.994
229	231.692	62.878
230	231.975	62.249
231	232.667	61.358
232	233.373	60.616
233	234.006	59.412
234	234.695	58.927
235	235.603	56.957
236	236.565	55.48
237	237.093	54.419
238	237.363	53.216
239	237.653	52.09
240	237.526	51.249
241	237.196	50.148
242	237.475	49.649
243	236.986	49.471
244	236.483	49.533
245	236.263	49.151
246	235.877	48.846
247	235.886	48.766
248	235.923	48.911
249	235.978	49.372
250	235.661	49.977
251	235.624	50.682
252	235.097	51.248
253	234.941	51.714
254	234.786	52.096
255	234.5	52.244
256	233.602	52.832
257	233.273	53.654
258	233.034	53.726
259	232.84	53.782
260	232.841	53.843
261	232.64	53.857
262	232.562	53.981
263	232.542	54.004
264	232.338	54.047
265	232.225	54.115
266	232.113	54.088
267	232.372	54.151
268	232.358	54.258
269	232.209	54.491
270	232.092	54.346
271	231.945	54.827
272	231.621	55.428
273	231.639	56.098
274	231.451	56.527
275	231.266	56.689
276	230.906	56.689
277	230.29	56.751
278	229.782	56.961
279	229.229	57.11
280	229.053	57.559
281	228.987	57.371
282	228.78	57.179
283	228.606	57.423
284	228.16	57.534
285	227.864	57.295
286	227.502	57.385
287	227.313	57.316
288	226.786	57.098
289	226.669	57.026
290	226.457	56.759
291	226.342	56.74
292	226.495	56.897
293	226.419	56.758
294	226.308	56.49
295	226.195	56.367
296	225.946	56.245
297	226.157	55.954
298	226.239	55.896
299	225.999	55.845
300	225.938	55.654
301	225.737	55.703
302	225.981	55.676
303	225.838	55.528
304	226.053	55.721
305	226.386	55.891
306	226.415	55.791
307	226.228	55.682
308	226.244	55.857
309	225.97	55.928
310	225.985	56.004
311	226.051	55.911
312	225.888	56.021
313	226.22	56.269
314	225.682	56.107
315	225.892	56.391
316	226.065	56.338
317	225.921	56.529
318	225.998	56.568
319	226.035	56.575
320	226.101	56.574
321	226.397	56.763
322	226.467	56.718
323	226.696	56.374
324	226.804	56.866
325	226.623	56.568
326	226.877	56.728
327	226.903	56.621
328	227.137	56.724
329	227.122	56.655
330	227.451	56.734
331	227.184	56.943
332	227.28	57.041
333	227.354	56.916
334	227.141	57.04
335	226.994	57.122
336	227.27	57.162
337	227.286	57.244
338	227.154	57.38
339	227.057	57.55
340	227.174	57.678
341	226.996	57.743
342	226.824	57.988
343	226.559	58.388
344	226.607	58.16
345	226.54	58.102
346	226.609	58.065
347	226.79	58.174
348	226.838	58.04
349	226.773	57.942
350	226.738	58.04
351	226.825	58.193
352	226.848	57.98
353	227.073	57.99
354	226.608	57.988
355	226.571	57.701
356	226.28	57.929
357	226.21	58.069
358	226.115	58.186
359	226.272	57.963
360	226.353	58.089
361	226.229	58.028
362	226.456	58.073
363	226.781	58.082
364	226.889	57.927
365	226.798	57.922
366	226.9	57.736
367	227.118	57.549
368	227.052	56.934
369	227.296	56.87
370	227.365	56.541
371	227.354	56.242
372	227.257	56.152
373	227.05	56.071
374	226.884	56.156
375	226.992	55.854
376	226.712	55.818
377	226.69	55.586
378	226.655	55.469
379	226.508	55.003
380	226.322	55.172
381	226.336	55.249
382	226.375	55.299
383	226.508	55.448
384	226.502	55.247
385	226.527	55.327
386	226.558	55.35
387	226.543	55.563
388	226.558	55.621
389	226.372	55.504
390	226.494	55.585
391	226.67	55.57
392	226.615	55.721
393	226.87	55.743
394	226.776	55.606
395	226.924	55.783
396	226.794	55.805
397	226.887	55.833
398	226.847	55.717
399	226.835	55.908
400	226.946	55.804
401	226.868	55.686
402	226.798	55.851
403	226.836	55.843
404	226.766	55.795
405	226.8	55.852
406	226.767	55.819
407	226.743	55.899
408	226.585	55.946
409	226.637	55.71
410	226.649	55.666
411	226.58	55.482
412	226.691	55.193
413	226.693	55.203
414	226.687	55.115
415	226.509	55.168
416	226.601	55.096
417	226.711	54.858
418	226.776	54.812
419	226.681	54.846
420	226.491	54.806
421	226.549	55.025
422	226.452	55.194
423	226.564	55.328
424	226.544	55.446
425	226.306	55.291
426	226.542	55.27
427	226.523	55.583
428	226.357	55.475
429	226.5	55.564
430	226.58	55.539
431	226.593	55.481
432	226.791	55.226
433	226.651	54.932
434	226.677	54.862
435	226.796	54.607
436	226.818	53.999
437	226.987	53.315
438	227.335	52.584
439	227.787	51.719
440	228.227	50.987
441	228.734	49.947
442	229.484	48.507
443	229.938	47.02
444	230.426	45.831
445	230.74	45.068
446	231	43.705
447	231.408	42.771
448	231.663	41.967
449	231.829	41.641
450	232.126	41.23
451	232.574	41.494
452	232.808	41.465
453	232.981	41.241
454	233.047	41.158
455	233.118	41.163
456	233.154	41.156
457	233.05	41.11
458	233.283	40.915
459	233.256	40.542
460	233.484	40.424
461	233.389	40.173
462	233.411	39.635
463	233.528	39.231
464	233.632	38.976
465	233.467	38.591
466	233.753	37.989
467	233.793	37.994
468	233.684	37.835
469	233.705	37.841
470	233.709	37.524
471	233.473	37.616
472	233.345	37.415
473	233.333	37.237
474	233.511	37.265
475	233.544	37.137
476	233.572	37.093
477	233.512	37.009
478	233.744	37.097
479	233.653	36.904
480	233.921	36.915
481	234.059	37.062
482	234.27	37.333
483	234.103	37.374
484	234.278	37.12
485	234.332	37.306
486	234.324	37.201
487	234.289	37.319
488	234.106	37.297
489	233.854	37.176
490	233.92	37.288
491	233.676	37.184
492	233.741	37.332
493	233.924	37.275
494	233.744	37.237
495	233.903	37.136
496	233.964	37.042
497	233.841	37.092
498	233.807	37.159
499	233.968	37.084
500	234.161	36.878
501	233.994	37.154
502	233.986	36.715
503	233.996	36.925
504	234.028	36.813
505	234.245	36.634
506	234.278	36.509
507	234.459	36.214
508	234.837	36.002
509	235.316	35.609
510	235.752	35.022
511	236.081	34.518
512	236.086	33.924
513	236.463	33.253
514	236.339	32.508
515	236.523	31.778
516	236.264	30.798
517	236.314	29.86
518	236.047	29.266
519	235.977	28.769
520	235.905	28.042
521	235.458	27.654
522	235.385	27.002
523	235.449	26.998
524	235.641	26.338
525	235.7	26.058
526	235.647	25.913
527	235.683	25.52
528	235.613	25.241
529	235.554	25.3
530	235.545	25.332
531	235.251	25.066
532	235.161	25.407
533	235.526	25.117
534	235.278	25.182
535	235.263	25.133
536	235.22	25.192
537	235.08	25.226
538	235.072	25.445
539	235.081	25.512
540	235.161	25.628
541	235.11	25.592
542	235.091	25.547
543	235.079	25.575
544	235.102	25.434
545	235.088	25.517
546	235.224	25.325
547	235.23	25.232
548	235.411	25.056
549	235.162	25.123
550	235.305	24.951
551	235.339	24.728
552	235.118	24.463
553	235.021	24.282
554	234.912	23.665
555	234.851	23.351
556	234.889	22.734
557	234.567	22.804
558	234.438	22.634
559	233.853	21.663
560	233.718	20.786
561	233.662	20.492
562	233.608	20.22
563	233.549	19.944
564	233.65	19.891
565	233.696	19.622
566	233.484	19.744
567	233.722	19.702
568	234.026	19.703
569	234.147	19.769
570	234.428	19.895
571	234.475	19.865
572	234.704	20.039
573	234.925	20.043
574	235.226	20.052
575	234.967	20.356
576	235.077	20.533
577	235.178	20.855
578	235.188	20.974
579	235.052	21.184
580	235.202	21.439
581	235.025	21.313
582	234.916	21.49
583	235.026	21.657
584	234.912	21.612
585	234.723	21.824
586	234.303	21.973
587	234.246	22.166
588	233.947	22.487
589	233.502	22.643
590	233.188	22.653
591	233.152	22.753
592	232.927	22.565
593	232.844	22.819
594	232.781	23.121
595	232.615	23.17
596	232.595	23.275
597	232.73	23.241
598	232.554	23.472
599	232.543	23.483
600	232.621	23.603
601	232.488	23.617
602	232.396	23.661
603	232.489	23.865
604	232.551	24.209
605	232.747	24.315
606	232.695	24.813
607	233.175	25.155
608	233.313	25.724
609	233.45	25.786
610	233.593	26.27
611	233.786	26.651
612	233.944	26.824
613	234.187	27.398
614	234.038	27.566
615	233.977	27.611
616	234.079	28.052
617	234.126	28.148
618	234.147	28.467
619	234.005	28.372
620	234.024	28.663
621	234.031	29.173
622	233.946	29.246
623	234.212	29.714
624	234.243	30.094
625	234.053	30.565
626	234.168	31.124
627	234.331	31.592
628	234.557	32.011
629	234.516	32.292
630	234.273	32.957
631	234.123	33.698
632	234.069	34.775
633	233.928	35.815
634	233.674	37.164
635	233.332	38.501
636	233.148	39.715
637	232.815	41.071
638	232.596	42.006
639	232.436	43.598
640	232.293	45.307
641	232.208	46.975
642	231.974	48.321
643	231.654	49.628
644	231.304	51.056
645	230.998	52.273
646	230.544	53.135
647	229.687	54.616
648	228.996	55.853
649	227.804	56.954
650	226.832	57.944
651	226.155	58.372
652	224.978	59.082
653	223.97	59.807
654	222.747	60.333
655	221.466	60.834
656	220.498	61.053
657	219.237	61.625
658	218.59	62.09
659	217.901	62.569
660	217.433	62.802
661	216.501	62.76
662	215.832	63.22
663	215.543	63.311
664	214.977	63.355
665	214.575	63.327
666	214.465	63.376
667	214.107	63.433
668	213.97	63.127
669	213.509	63.103
670	213.552	63.139
671	213.477	63.102
672	213.247	63.105
673	213.15	63.148
674	213.124	63.112
675	212.772	63.1
676	212.839	63.199
677	213.068	63.291
678	212.984	63.585
679	212.62	63.38
680	212.813	63.314
681	212.735	63.223
682	212.595	63.521
683	212.735	63.182
684	212.706	63.115
685	212.828	63.128
686	212.946	63.174
687	212.796	63.021
688	212.87	63.139
689	212.956	62.908
690	212.797	63.014
691	213.038	62.803
692	212.872	63.211
693	212.792	63.45
694	212.709	63.488
695	212.518	63.445
696	212.585	63.528
697	212.593	63.48
698	212.454	63.576
699	212.52	63.617
700	212.299	63.544
701	212.531	63.326
702	212.507	63.267
703	212.769	63.371
704	212.542	63.235
705	212.755	63.225
706	212.622	63.344
707	212.569	63.261
708	212.387	63.186
709	212.536	63.17
710	212.519	63.364
711	212.523	63.422
712	212.589	63.248
713	212.226	63.174
714	212.404	63.321
715	212.097	63.447
716	211.985	63.262
717	211.942	63.197
718	211.721	63.406
719	211.701	63.077
720	211.617	63.052
721	211.52	62.906
722	211.796	62.879
723	211.601	62.741
724	211.405	62.451
725	211.582	62.509
726	211.499	62.515
727	211.596	62.403
728	211.53	62.248
729	211.765	62.15
730	212.198	62.394
731	212.368	62.445
732	212.116	62.463
733	212.482	62.929
734	212.652	63.162
735	212.566	62.972
736	212.49	62.937
737	212.574	63.056
738	212.663	63.36
739	212.65	63.382
740	212.743	63.38
741	212.782	63.677
742	212.965	63.527
743	212.792	63.414
744	213.089	63.319
745	213.059	63.393
746	212.923	63.772
747	212.835	63.861
748	212.795	64.008
749	212.967	63.941
750	213.159	63.863
751	213.095	63.792
752	213.088	63.792
753	212.951	63.98
754	212.993	64.053
755	213.263	64.101
756	213.06	63.969
757	213.409	63.885
758	213.491	63.85
759	213.424	63.946
760	213.469	63.864
761	213.398	64.15
762	213.103	64.168
763	213.401	63.87
764	213.426	63.911
765	213.561	63.681
766	213.249	64.042
767	213.323	63.8
768	213.346	63.94
769	213.533	64.041
770	213.372	64.105
771	213.564	64.017
772	213.482	64.049
773	213.729	64.322
774	213.77	64.784
775	213.889	64.68
776	213.866	64.226
777	213.922	64.443
778	213.772	64.227
779	213.785	64.65
780	213.737	64.712
781	213.777	64.76
782	213.842	64.693
783	213.649	64.941
784	213.898	65.002
785	213.652	64.973
786	213.674	64.959
787	213.64	64.958
788	213.781	65.046
789	213.651	64.741
790	213.624	64.582
791	213.898	64.605
792	213.905	64.681
793	213.917	64.527
794	213.696	64.438
795	213.79	64.214
796	214.145	64.506
797	214.217	64.352
798	214.078	64.511
799	214.085	64.539
800	214.15	64.885
801	214.206	64.56
802	214.383	64.443
803	214.397	64.532
804	214.582	64.712
805	214.72	64.633
806	214.812	64.739
807	214.797	64.592
808	214.851	64.56
809	215.113	64.73
810	215.265	64.919
811	215.291	64.901
812	215.602	65.136
813	215.553	64.835
814	215.693	64.781
815	215.963	65.075
816	215.745	64.74
817	215.695	65.014
818	215.717	65.239
819	215.666	65.425
820	215.483	64.947
821	215.582	65.003
822	215.567	65.144
823	215.428	65.348
824	215.276	65.009
825	215.357	64.814
826	215.314	64.822
827	215.534	65
828	215.611	65.008
829	215.475	65.389
830	215.621	65.468
831	215.601	65.54
832	215.425	65.302
833	215.312	65.333
834	215.602	65.339
835	215.612	65.507
836	215.386	65.095
837	215.289	65.001
838	215.366	65.289
839	215.594	65.069
840	215.457	65.345
841	215.378	65.371
842	215.517	65.556
843	215.599	65.633
844	215.56	65.716
845	215.449	65.576
846	215.522	65.423
847	215.403	65.378
848	215.181	65.521
849	215.215	65.449
850	215.315	65.471
851	215.197	65.441
852	215.268	65.361
853	215.362	65.017
854	215.495	65.005
855	215.512	65.089
856	215.589	65.31
857	215.462	65.102
858	215.541	64.992
859	215.434	64.834
860	215.153	65.05
861	215.167	64.842
862	215.175	64.551
863	214.916	64.84
864	214.706	64.793
865	214.794	64.814
866	214.776	64.91
867	214.565	64.98
868	214.474	65.151
869	214.527	65.4
870	214.348	65.619
871	213.851	65.674
872	213.944	65.999
873	213.681	66.309
874	213.229	66.46
875	212.702	66.905
876	211.98	67.444
877	210.945	67.684
878	210.191	67.966
879	209.591	68.595
880	208.647	69.034
881	207.828	69.732
882	206.923	70.07
883	205.871	70.441
884	204.567	71.312
885	203.556	71.891
886	202.711	72.595
887	201.39	73.421
888	200.214	74.112
889	199.245	74.266
890	198.39	74.835
891	197.157	75.331
892	196.466	75.799
893	195.444	76.467
894	194.301	77.091
895	193.592	77.385
896	193.003	77.943
897	191.915	78.455
898	191.078	79.315
899	190.232	80.092
900	189.07	80.832
901	188.21	81.525
902	187.228	82.195
903	185.348	83.015
904	183.969	83.943
905	182.94	84.585
906	181.943	85.22
907	181.124	85.759
908	180.152	86.133
909	179.197	86.891
910	178.403	87.533
911	177.477	88.269
912	175.505	89.68
913	174.578	90.298
914	173.288	91.3
915	172.027	92.046
916	170.902	92.562
917	169.698	93.004
918	168.731	93.363
919	167.931	93.686
920	167.16	94.232
921	166.303	94.571
922	165.905	94.822
923	164.717	95.082
924	163.648	95.93
925	162.775	96.615
926	161.736	97.263
927	160.931	97.985
928	159.415	99.027
929	158.227	99.903
930	157.177	100.697
931	155.999	101.581
932	154.538	102.624
933	153.503	103.611
934	152.172	104.654
935	151.282	105.233
936	150.613	105.627
937	149.734	106.434
938	149.067	106.69
939	148.47	107.374
940	147.566	107.585
941	147.018	107.785
942	146.815	107.961
943	146.182	108.041
944	145.656	108.2
945	145.267	108.423
946	144.875	108.63
947	144.277	108.841
948	143.916	109.096
949	143.293	109.2
950	142.429	109.868
951	141.8	110.342
952	141.172	110.893
953	140.269	111.675
954	139.053	112.367
955	137.684	113.316
956	136.345	114.557
957	135.237	115.292
958	134.262	116.392
959	133.036	116.966
960	131.938	118.001
961	130.857	118.666
962	130.207	119.092
963	129.623	119.608
964	128.431	120.172
965	127.656	120.495
966	127.095	121.281
967	126.319	121.441
968	125.768	121.662
969	125.283	121.749
970	124.759	122.012
971	124.129	122.226
972	123.822	122.372
973	123.491	122.639
974	123.128	123.011
975	122.309	123.385
976	121.761	123.766
977	121.252	123.788
978	120.234	124.781
979	119.328	125.233
980	118.643	126.157
981	117.857	126.717
982	117.581	127.022
983	116.798	127.54
984	116.219	128.068
985	115.605	128.103
986	115.121	128.994
987	114.413	129.192
988	113.883	129.46
989	113.25	129.8
990	112.45	130.476
991	111.568	131.067
992	111.125	131.473
993	110.742	131.496
994	110.388	131.659
995	109.813	131.766
996	109.842	131.914
997	109.55	132.046
998	109.445	132.155
999	109.401	132.361
1000	109.114	132.436
1001	108.938	132.604
1002	108.728	133.128
1003	108.366	133.358
1004	107.765	133.722
1005	107.179	134.54
1006	106.708	134.527
1007	105.949	135.377
1008	104.397	136.094
1009	103.091	136.805
1010	100.853	138.099
1011	99.98	138.716
1012	98.474	139.396
1013	97.636	139.966
1014	96.761	140.212
1015	96.383	140.515
1016	95.942	140.828
1017	95.516	141.152
1018	95.214	141.571
1019	95.054	141.717
1020	94.703	142.02
1021	94.645	142.539
1022	94.657	142.871
1023	94.642	142.915
1024	94.568	143.311
1025	94.524	143.332
1026	94.451	143.414
1027	94.553	143.518
1028	94.193	143.761
1029	94.015	144.271
1030	93.965	144.679
1031	93.839	145.364
1032	93.546	145.841
1033	93.151	146.33
1034	92.791	147.011
1035	92.296	148.015
1036	91.617	149.236
1037	90.974	149.962
1038	90.317	150.453
1039	89.82	150.97
1040	89.023	151.71
1041	88.47	152.105
1042	88.023	152.956
1043	87.798	153.64
1044	87.325	154.05
1045	87.086	154.431
1046	86.503	154.728
1047	86.13	155.181
1048	85.768	155.639
1049	85.288	156.14
1050	84.867	156.399
1051	84.551	156.908
1052	84.223	156.997
1053	83.628	157.743
1054	83.343	158.384
1055	82.668	159.04
1056	82.232	159.739
1057	81.871	160.132
1058	80.994	160.655
1059	80.785	161.058
1060	80.548	161.551
1061	80.593	161.466
1062	80.3	162.071
1063	79.964	162.07
1064	79.769	162.236
1065	79.396	162.724
1066	78.832	163.078
1067	78.325	163.654
1068	77.761	164.142
1069	77.435	164.368
1070	76.269	165.221
1071	75.349	165.88
1072	74.202	166.985
1073	73.605	167.969
1074	72.957	168.033
1075	71.729	169.095
1076	67.523	174.086
1077	65.995	175.943
1078	65.544	176.203
1079	63.942	177.35
1080	62.989	178.453
1081	62.711	180.032
1082	62.031	180.928
1083	61.129	182.071
1084	60.247	183.774
1085	58.744	185.598
1086	58.488	186.442
1087	55.684	189.313
1088	54.245	190.414
1089	52.633	192.487
1090	51.334	193.154
1091	50.489	193.753
1092	49.619	194.385
1093	49.17	194.824
1094	48.549	195.802
1095	48.148	196.124
1096	47.969	197.062
1097	47.405	197.401
1098	47.7	197.601
1099	46.899	197.974
1100	46.85	198.517
1101	46.885	198.598
1102	47.164	199.088
1103	46.802	199.17
1104	46.825	199.423
1105	46.524	199.911
1106	46.852	200.313
1107	46.638	200.743
1108	46.206	201.234
1109	46.044	201.716
1110	45.493	202.662
1111	44.752	204.265
1112	43.581	205.045
1113	42.598	206.857
1114	43.074	206.939
1115	36.657	215.996
1116	35.276	216.543
1117	35.466	216.501
1118	34.542	216.345
1119	34.346	217.477
1120	34.149	217.382
1121	34.311	217.756
1122	34.042	217.331
1123	33.683	217.401
1124	33.511	217.63
1125	33.055	217.328
1126	32.441	218.136
1127	32.459	218.677
1128	32.04	219.412
1129	31.596	220.423
1130	31.239	221.192
1131	30.23	222.21
1132	30.022	223.494
1133	29.058	225.099
1134	29.217	224.933
1135	28.087	226.512
1136	26.599	227.912
1137	26.115	228.791
1138	24.718	229.311
1139	24.536	229.634
1140	23.811	231.301
1141	23.666	231.513
1142	23.413	232.572
1143	22.341	233.359
1144	21.597	233.446
1145	21.304	233.921
1146	20.527	234.895
1147	20.092	235.403
1148	18.782	236.381
1149	17.718	236.2
1150	16.822	236.123
1151	16.231	236.929
1152	16.077	237.079
1153	15.516	237.23
1154	14.628	238.252
1155	14.473	239.373
1156	14.46	238.399
1157	14.077	238.729
1158	14.028	238.618
1159	14.271	238.597
1160	6.433	251.957
1161	5.844	253.032
1162	5.328	253.337
1163	4.416	253.966
1164	3.849	253.831
1165	3.417	252.984
1166	3.736	254.75
1167	2.574	257.059
1168	2.224	255.261
1169	2.207	257.397
1170	1.942	258.246
1171	2.195	257.52
1172	2.43	258.146
1173	2.485	269.093
1174	3.092	269.214
1175	2.776	267.938
1176	2.058	268.45
1177	2.116	267.898
1178	1.898	267.59
1179	1.935	267.943
1180	1.714	267.647
1181	2.065	267.812
1182	1.871	267.131
1183	2.167	266.196
1184	2.336	266.076
1185	2.426	265.301
1186	3.557	263.069
1187	3.597	263.294
1188	4.129	262.228
1189	4.724	261.836
1190	5.025	261.311
1191	5.15	260.485
1192	5.659	260.049
1193	5.72	259.339
1194	6.081	259.063
1195	6.728	257.663
1196	7.841	257.134
1197	8.005	257.988
1198	8.558	257.52
1199	9.169	257.031
1200	9.703	256.069
1201	9.6	256.418
1202	11.069	255.923
1203	11.335	255.449
1204	11.636	255.096
1205	11.925	255.196
1206	12.246	255.126
1207	12.167	255.296
1208	12.077	255.296
1209	12.185	255.226
1210	12.383	255.572
1211	12.322	255.371
1212	12.13	255.667
1213	12.493	255.724
1214	12.225	255.517
1215	12.648	255.135
1216	12.107	255.002
1217	12.212	255.553
1218	12.479	254.971
1219	12.543	254.707
1220	12.885	254.814
1221	12.925	254.266
1222	13.027	253.581
1223	12.931	253.284
1224	13.788	253.172
1225	14.086	252.635
1226	14.427	252.711
1227	14.434	252.387
1228	15.593	252.247
1229	15.793	251.546
1230	16.019	251.291
1231	16.519	251.124
1232	17.577	250.567
1233	17.62	249.474
1234	19.254	249.075
1235	19.831	248.686
1236	20.791	248.165
1237	20.902	247.459
1238	21.316	246.581
1239	21.862	245.974
1240	21.687	246.205
1241	22.407	246.159
1242	22.726	246.318
1243	22.704	246.739
1244	22.579	246.591
1245	22.467	246.408
1246	21.996	246.308
1247	22.524	246.651
1248	23.292	247.192
1249	22.956	247.075
1250	23.244	247.237
1251	23.818	246.062
1252	23.958	245.37
1253	24.75	245.205
1254	25.029	245.17
1255	25.543	244.838
1256	26.008	244.647
1257	26.193	244.176
1258	26.399	243.71
1259	26.528	243.713
1260	26.295	243.553
1261	26.376	243.475
1262	26.376	243.581
1263	26.089	242.849
1264	26.591	242.33
1265	26.51	242.641
1266	26.237	241.97
1267	26.416	241.543
1268	26.844	241.374
1269	27.637	241.166
1270	28.009	240.397
1271	28.959	240.18
1272	29.097	240.365
1273	29.864	239.714
1274	30.411	239.598
1275	30.678	239.649
1276	30.942	239.646
1277	31.275	239.559
1278	31.131	239.67
1279	31.32	239.671
1280	31.351	239.606
1281	31.34	239.621
1282	31.554	239.279
1283	32.122	239.374
1284	32.578	239.269
1285	32.929	238.655
1286	33.301	238.345
1287	33.861	238.385
1288	34.083	238.251
1289	34.499	238.045
1290	35.456	237.521
1291	35.712	237.659
1292	35.666	237.609
1293	35.778	237.31
1294	35.973	237.196
1295	36.174	237.23
1296	36.379	236.709
1297	36.442	236.548
1298	36.483	236.289
1299	36.643	236.071
1300	36.763	236.119
1301	36.644	235.8
1302	36.662	235.769
1303	36.607	235.845
1304	36.723	235.62
1305	36.643	235.496
1306	36.589	236.125
1307	36.499	236.18
1308	36.207	236.278
1309	35.862	236.628
1310	35.727	236.522
1311	35.447	236.792
1312	35.22	236.941
1313	35.011	237.11
1314	34.723	237.591
1315	34.697	238.107
1316	34.467	238.151
1317	34.214	238.212
1318	34.02	238.493
1319	33.988	238.282
1320	33.713	238.733
1321	33.669	238.816
1322	33.444	239.702
1323	32.843	239.858
1324	32.576	240.011
1325	32.453	240.534
1326	32.48	240.516
1327	32.423	241.138
1328	32.108	241.063
1329	32.217	241.714
1330	32.251	241.991
1331	32.421	241.377
1332	32.525	241.277
1333	32.546	241.653
1334	32.462	241.753
1335	32.465	241.733
1336	32.522	241.958
1337	32.538	241.908
1338	32.43	241.926
1339	32.098	241.718
1340	32.092	242.158
1341	31.69	242.333
1342	31.436	242.105
1343	31.241	242.436
1344	31.093	242.402
1345	30.584	242.445
1346	30.407	242.622
1347	30.069	242.916
1348	29.761	243.297
1349	29.338	243.56
1350	28.771	243.64
1351	28.534	244.03
1352	28.196	244.628
1353	27.681	245.128
1354	27.228	244.985
1355	26.822	246.029
1356	26.564	246.452
1357	26.096	247.493
1358	25.421	248.317
1359	24.943	249.001
1360	24.101	250.41
1361	23.927	250.673
1362	23.2	252.547
1363	22.796	253.322
1364	22.299	254.393
1365	21.412	255.665
1366	20.626	256.285
1367	20.379	257.051
1368	19.8	257.624
1369	19.341	258.102
1370	19.303	258.612
1371	19.195	259.078
1372	18.939	259.608
1373	18.955	259.834
1374	18.641	259.751
1375	18.602	260.484
1376	18.506	260.581
1377	18.524	260.551
1378	18.65	261.267
1379	18.568	260.337
1380	18.795	260.641
1381	18.275	260.661
1382	18.556	261.018
1383	18.763	261.258
1384	18.853	261.532
1385	18.808	261.632
1386	18.765	261.502
1387	18.755	261.917
1388	19.307	261.661
1389	19.541	262.037
1390	19.072	262.238
1391	19.255	262.31
1392	19.086	262.365
1393	19.283	262.045
1394	19.254	261.992
1395	19.282	261.848
1396	19.202	262.31
1397	19.227	262.037
1398	19.331	261.772
1399	19.45	261.563
1400	19.531	261.74
1401	19.768	261.047
1402	20.166	260.899
1403	20.088	260.397
1404	20.674	259.78
1405	21.39	259.346
1406	21.775	258.349
1407	22.227	258.398
1408	22.5	258.362
1409	22.737	257.94
1410	23.36	257.115
1411	23.366	257.452
1412	23.641	257.477
1413	23.838	257.178
1414	23.867	257.145
1415	23.922	257.191
1416	23.928	257.008
1417	24.191	257.067
1418	24.526	257
1419	24.732	257.004
1420	24.71	256.543
1421	24.997	256.929
1422	24.556	256.402
1423	24.215	256.499
1424	23.772	256.54
1425	23.551	256.322
1426	23.094	256.071
1427	22.668	256.281
1428	21.959	256.4
1429	21.074	256.582
1430	20.871	256.997
1431	20.299	257.096
1432	19.762	257.489
1433	19.597	257.706
1434	19.408	258.192
1435	19.345	258.402
1436	19.219	258.204
1437	19.03	258.409
1438	19.094	259.036
1439	19.228	258.8
1440	19.546	258.591
1441	19.66	258.898
1442	19.726	258.489
1443	19.76	258.722
1444	19.86	258.448
1445	19.867	257.981
1446	20.045	257.956
1447	20.232	258.466
1448	20.075	257.977
1449	20.21	257.625
1450	20.205	258.076
1451	20.191	257.998
1452	20.177	258.019
1453	20.25	258.086
1454	19.872	258.1
1455	19.989	258.429
1456	20.015	258.311
1457	19.921	258.026
1458	19.982	258.09
1459	19.512	258.256
1460	19.666	258.703
1461	19.272	258.368
1462	18.953	259.038
1463	18.901	258.807
1464	18.64	258.915
1465	18.228	258.754
1466	18.299	259.262
1467	18.248	259.898
1468	17.838	260.86
1469	17.651	261.503
1470	17.268	262.5
1471	16.115	264.58
1472	14.725	268.089
1473	15.25	269.008
1474	14.638	270.081
1475	14.472	270.245
1476	14.367	270.452
1477	13.381	270.328
1478	13.836	270.65
1479	13.745	270.165
1480	14.001	269.443
1481	14.311	268.572
1482	14.356	267.462
1483	14.612	266.668
1484	14.977	266.099
1485	15.128	265.474
1486	15.337	265.433
1487	15.244	265.254
1488	15.187	264.817
1489	15.433	264.462
1490	15.536	264.061
1491	15.697	264.116
1492	16.304	263.577
1493	16.482	263.611
1494	16.714	263.386
1495	17.376	262.889
1496	17.598	262.626
1497	17.983	262.339
1498	18.511	261.999
1499	19.039	261.783
1500	19.123	261.958
1501	19.311	261.428
1502	19.326	261.439
1503	19.503	261.064
1504	19.477	260.991
1505	19.425	260.782
1506	19.595	260.902
1507	19.467	261.165
1508	19.799	261.028
1509	19.688	260.811
1510	19.565	260.771
1511	19.56	260.763
1512	19.274	260.919
1513	19.4	260.904
1514	19.403	260.554
1515	19.324	260.838
1516	19.331	260.937
1517	19.769	261.054
1518	19.677	260.762
1519	19.727	260.852
1520	19.673	261.003
1521	20.116	260.806
1522	20.435	261.274
1523	20.443	261.327
1524	20.183	261.578
1525	19.964	261.475
1526	20.046	261.639
1527	19.895	261.907
1528	19.664	261.582
1529	19.381	262.236
1530	19.122	262.316
1531	18.832	262.315
1532	18.708	262.348
1533	18.334	261.777
1534	18.374	261.744
1535	18.296	261.752
1536	18.185	261.6
1537	17.904	261.473
1538	17.836	261.297
1539	17.649	260.957
1540	17.154	260.356
1541	17.501	260.701
1542	17.696	260.581
1543	17.631	260.902
1544	17.517	260.718
1545	17.569	260.647
1546	17.617	260.323
1547	17.675	260.249
1548	17.369	259.701
1549	17.612	260.205
1550	17.416	260.221
1551	17.442	260.493
1552	17.445	260.238
1553	18.037	260.795
1554	17.985	260.533
1555	18.161	261.163
1556	18.404	260.684
1557	18.552	261.03
1558	19.169	261.141
1559	19.025	260.508
1560	18.995	260.534
1561	19.28	260.429
1562	19.524	260.305
1563	19.492	260.058
1564	19.76	260.03
1565	19.732	259.852
1566	20.072	259.649
1567	20.124	259.667
1568	20.122	260.002
1569	20.056	260.003
1570	20.119	260.229
1571	20.313	260.215
1572	20.362	260.351
1573	20.16	260.337
1574	20.386	260.457
1575	20.193	260.409
1576	19.846	261.085
1577	19.941	260.89
1578	19.537	260.774
1579	19.314	260.831
1580	19.101	260.791
1581	18.942	260.918
1582	18.67	260.753
1583	18.83	261.215
1584	18.663	260.439
1585	18.766	261.001
1586	18.648	260.751
1587	18.812	260.737
1588	18.95	261.092
1589	19.104	261.248
1590	19.163	261.18
1591	18.977	261.06
1592	19.169	260.873
1593	19.498	261.155
1594	19.468	261.032
1595	19.523	261.151
1596	19.753	261.072
1597	19.893	260.216
1598	20.519	260.075
1599	20.941	259.931
1600	21.543	259.287
1601	21.578	259.1
1602	22.084	259.278
1603	22.54	258.654
1604	22.683	258.685
1605	22.884	258.257
1606	23.35	258.061
1607	23.613	258.447
1608	23.961	258.227
1609	23.867	258.379
1610	23.9	258.315
1611	24.214	258.315
1612	24.334	258.149
1613	24.803	258.005
1614	24.789	258.037
1615	25.009	258.057
1616	25.042	257.069
1617	25.109	256.941
1618	25.544	257.155
1619	25.634	255.999
1620	25.759	256.232
1621	26.118	256.165
1622	26.257	256.142
1623	26.693	255.574
1624	26.856	255.984
1625	26.653	256.059
1626	26.621	256.084
1627	26.609	256.208
1628	26.925	256.118
1629	26.896	256.059
1630	26.799	256.662
1631	27.017	257.091
1632	27.353	256.515
1633	27.034	256.577
1634	27.161	257.387
1635	26.794	257.094
1636	26.907	256.994
1637	27.323	257.115
1638	26.985	256.314
1639	26.993	256.454
1640	26.432	256.191
1641	26.502	255.98
1642	26.585	256.31
1643	26.386	256.62
1644	26.518	256.254
1645	26.608	256.427
1646	26.48	256.308
1647	26.388	256.586
1648	26.357	256.914
1649	26.146	256.546
1650	26.43	256.685
1651	26.838	257.01
1652	26.882	256.625
1653	26.871	255.971
1654	26.821	255.765
1655	27.425	255.576
1656	27.625	255.457
1657	27.574	255.509
1658	27.831	255.63
1659	27.609	255.681
1660	27.72	255.88
1661	27.64	256.008
1662	27.574	256.638
1663	27.739	257.017
1664	27.823	257.243
1665	27.648	257.412
1666	27.873	257.379
1667	27.753	257.405
1668	27.797	257.699
1669	28.29	257.292
1670	28.401	257.393
1671	28.121	257.518
1672	28.294	257.639
1673	28.431	257.199
1674	28.382	257.545
1675	27.98	257.927
1676	27.491	257.851
1677	26.559	257.866
1678	26.375	258.127
1679	25.964	258.501
1680	25.454	258.624
1681	25.321	259.024
1682	25.221	259.248
1683	25.209	259.164
1684	25.554	258.953
1685	25.936	259.107
1686	25.84	258.989
1687	26.851	258.861
1688	27.58	258.602
1689	27.96	258.166
1690	29.419	257.701
1691	29.841	257.302
1692	30.463	257.167
1693	30.84	256.718
1694	30.769	257.053
1695	30.618	256.717
1696	30.709	256.416
1697	31.014	256.52
1698	31.005	256.997
1699	31.052	257.247
1700	30.83	257.727
1701	30.794	257.718
1702	30.085	258.492
1703	30.154	258.44
1704	30.327	259.01
1705	30.384	258.928
1706	30.784	258.722
1707	31.067	258.699
1708	31.353	258.347
1709	32.087	257.447
1710	37.036	252.412
1711	38.948	250.965
1712	40.359	248.909
1713	41.07	248.62
1714	43.141	246.096
1715	39.993	249.97
1716	47.244	243.911
1717	44.076	245.421
1718	45.739	244.018
1719	47.936	243.361
1720	52.194	240.548
1721	50.883	241.018
1722	54.344	238.918
1723	55.04	239.318
1724	56.406	238.145
1725	58.85	236.946
1726	61.058	235.433
1727	71.617	225.549
1728	72.686	224.56
1729	73.357	224.005
1730	74.022	223.341
1731	75.204	222.503
1732	76.146	221.689
1733	76.837	221.268
1734	78.126	220.476
1735	78.617	219.75
1736	79.368	219.251
1737	79.769	218.39
1738	80.324	217.816
1739	80.598	217.348
1740	80.771	216.69
1741	80.843	216.218
1742	80.929	215.551
1743	80.773	215.372
1744	81.053	214.965
1745	80.828	214.414
1746	80.855	214.347
1747	80.902	214.007
1748	80.903	213.771
1749	80.885	213.594
1750	81.073	213.334
1751	81.41	212.923
1752	81.742	212.388
1753	82.244	211.618
1754	82.863	210.822
1755	83.706	210.172
1756	84.677	209.083
1757	85.429	208.197
1758	86.06	207.225
1759	86.952	206.031
1760	87.589	205.462
1761	88.192	204.622
1762	88.767	204.014
1763	89.157	203.233
1764	89.524	202.617
1765	89.883	201.939
1766	90.399	201.254
1767	90.843	200.63
1768	91.145	200.314
1769	91.541	199.757
1770	91.839	199.578
1771	92.327	199.522
1772	92.921	199.264
1773	93.841	198.741
1774	94.528	198.393
1775	95.591	197.883
1776	96.38	197.404
1777	97.427	196.832
1778	98.835	196.645
1779	100.166	195.824
1780	101.372	195.456
1781	102.773	194.919
1782	103.795	194.589
1783	105.245	194.034
1784	106.7	193.513
1785	108.576	193.109
1786	109.679	192.626
1787	110.835	192.293
1788	111.641	191.664
1789	112.2	191.435
1790	113.113	190.882
1791	114.168	190.584
1792	114.812	190.073
1793	115.677	189.399
1794	116.619	188.606
1795	117.238	187.742
1796	117.772	187.049
1797	118.473	186.342
1798	118.812	185.799
1799	119.287	185.425
1800	119.362	184.452
1801	119.443	184.004
1802	119.476	183.601
1803	119.537	183.186
1804	119.584	182.992
1805	119.616	182.811
1806	119.566	182.379
1807	119.557	182.263
1808	119.746	182.14
1809	119.611	182.153
1810	119.449	182.454
1811	118.823	182.573
1812	118.392	182.706
1813	117.472	182.875
1814	116.325	183.336
1815	115.194	183.744
1816	110.958	185.767
1817	109.076	187.05
1818	108.692	187.524
1819	107.636	188.56
1820	106.721	189.461
1821	106.029	190.348
1822	105.288	191.386
1823	104.941	192.176
1824	104.189	193.208
1825	103.631	194.08
1826	102.706	194.672
1827	102.089	195.472
1828	101.508	195.954
1829	100.466	196.842
1830	99.186	197.829
1831	97.698	199.252
1832	95.422	200.884
1833	94.971	200.86
1834	93.042	202.933
1835	83.752	212.63
1836	83.414	213.103
1837	81.791	214.672
1838	80.779	215.272
1839	79.993	216.167
1840	79.147	216.898
1841	78.369	217.754
1842	77.531	218.605
1843	76.373	219.001
1844	76.002	219.597
1845	75.29	220.041
1846	74.486	220.468
1847	74.337	221.167
1848	73.139	222.497
1849	72.109	223.673
1850	70.774	224.492
1851	67.864	227.345
1852	66.943	227.321
1853	65.06	228.845
1854	64.388	229.882
1855	64.262	229.708
1856	62.119	231.62
1857	55.938	235.656
1858	57.062	234.369
1859	55.53	236.042
1860	55.038	236.353
1861	51.731	238.238
1862	50.65	239.034
1863	48.776	240.045
1864	47.544	240.534
1865	45.942	241.21
1866	45.342	242.034
1867	44.694	242.345
1868	43.907	242.912
1869	43.513	243.29
1870	42.691	243.59
1871	41.997	244.287
1872	41.245	244.769
1873	40.499	245.382
1874	39.335	246.475
1875	38.587	247.078
1876	37.773	248.385
1877	36.318	249.386
1878	35.942	249.442
1879	34.474	252.224
1880	32.311	254.834
1881	23.783	261.129
1882	20.794	263.172
1883	18.54	264.198
1884	17.098	265.248
1885	15.937	265.996
1886	16.094	266.122
1887	14.231	267.031
1888	13.271	267.812
1889	12.509	268
1890	10.706	269.449
1891	11.123	269.045
1892	10.052	270.044
1893	7.707	272.918
1894	6.61	274.014
1895	6.4	274.424
1896	5.023	276.237
1897	3.73	278.515
1898	2.418	280.146
1899	2.346	281.368
1900	1.969	282.71
1901	2.025	282.95
1902	2.286	282.906
1903	1.943	283.879
